@dataValueAttribs							
precip	0	9999	mm				
@dataSetAttribs							
missingDataVal	-9999						
dataStart	01.01.1987 00:00						
dataEnd	31.12.1990 00:00						
tres	d						
@statAttribVal							
name	Station 1	Station 2	Station 3	Station 4	Station 5	Station 6 	Station 7
ID	1	2	3	4	5	6	7
elevation	5790	4686	5407	2956	1966	3264	1796
x	457841	475716	496716	448716	467466	491716	475841
y	3069079	3068142	3066439	3041343	3039374	3038875	3025970
dataColumn	1	2	3	4	5	6	
@dataVal							
01.01.1987 00:00	0	0	0	0	0	0	0
02.01.1987 00:00	0	0	0	0	0	0	0
03.01.1987 00:00	0	0	0	0	0	0	0
04.01.1987 00:00	0	0	0	0	0	0	0
05.01.1987 00:00	0	0	0	0	0	0	0
06.01.1987 00:00	0	0	0	0	0	0	0
07.01.1987 00:00	0	0	0	0	0	0	0
08.01.1987 00:00	0	0	0	0	0	0	0
09.01.1987 00:00	0	0	0	0	0	0	0
10.01.1987 00:00	0	0	0	0	0	0	0
11.01.1987 00:00	0	0	0	0	0	0	0
12.01.1987 00:00	0.136973961	0.006251487	0.179068486	0.244339886	1.133523029	0.326941704	1.88E-04
13.01.1987 00:00	0	0	0	0	0	0	0
14.01.1987 00:00	0	0	0	0	0	0	0
15.01.1987 00:00	0	0	0	0	0	0	0
16.01.1987 00:00	0	0	0	0	0	0	0
17.01.1987 00:00	0	0	0	0	0	0	0
18.01.1987 00:00	0	0	0	0	0	0	0
19.01.1987 00:00	0	0	0	0	0	0	0
20.01.1987 00:00	0	0	0	0	0	0	0
21.01.1987 00:00	0	0	0	0	0	0	0
22.01.1987 00:00	0	0	0	0	0	0	0
23.01.1987 00:00	0	0	0	0	0	0	0
24.01.1987 00:00	0	0	0	0	0	0	0
25.01.1987 00:00	0	0	0	0	0	0	0
26.01.1987 00:00	0	0	0	0	0	0	0
27.01.1987 00:00	0	0	0	0	0	0	0
28.01.1987 00:00	0	0	0	0	0	0	0
29.01.1987 00:00	0	0	0	0	0	2.20472761	3.129088047
30.01.1987 00:00	0	0	0	0	0	1.489286226	2.583472311
31.01.1987 00:00	0	0	0	0	0	2.246732259	3.818049855
01.02.1987 00:00	0	0	0	0	0	0	0
02.02.1987 00:00	1.809896329	2.191074045	1.666763067	0	0	0.402112049	0
03.02.1987 00:00	0.403936761	0.01518047	0.340365524	1.346045167	0.431040788	0	0
04.02.1987 00:00	1.645489206	1.752082951	1.795930856	0.667871263	2.723599501	1.146112149	4.33E-04
05.02.1987 00:00	1.181622968	0.685822766	1.300779856	1.207040082	5.162223832	1.822377278	8.57E-04
06.02.1987 00:00	0	0	0	0	0	0	0
07.02.1987 00:00	0	0	0	0	0	0	0
08.02.1987 00:00	0	0	0	0	0	0	0
09.02.1987 00:00	0	0	0	0	0	0	0
10.02.1987 00:00	0	0	0	0	0	0	0
11.02.1987 00:00	0	0	0	0	0	0	0
12.02.1987 00:00	0	0	0	0	0	0	0
13.02.1987 00:00	0	0	0	0	0	0	0
14.02.1987 00:00	0	0	0	0	0	0	0
15.02.1987 00:00	0	0	0	0	0	0	0
16.02.1987 00:00	12.02474545	13.5166462	11.09964339	3.229071812	4.07113253	3.619438329	0.001464404
17.02.1987 00:00	2.220122163	2.920864181	2.208928844	0	0	0.485374613	0
18.02.1987 00:00	0	0	0	0	0	0	0
19.02.1987 00:00	0	0	0	0	0	0	0
20.02.1987 00:00	0	0	0	0	0	0	0
21.02.1987 00:00	0	0	0	0	0	0	0
22.02.1987 00:00	5.590692395	7.354506707	5.863932275	0	0	1.267476641	0
23.02.1987 00:00	0	0	0	0	0	0	0
24.02.1987 00:00	0	0	0	0	0	0	0
25.02.1987 00:00	0	0	0	0	0	0	0
26.02.1987 00:00	2.141350679	0.066321531	1.642944544	7.991568046	2.313788653	0	0
27.02.1987 00:00	6.383952504	8.748664756	6.560344389	0	0	1.606817889	0
28.02.1987 00:00	1.223623272	0.059313546	1.638126715	7.497705205	10.10974518	6.240775227	5.336279576
01.03.1987 00:00	0	0	0	0	0	0	0
02.03.1987 00:00	0	0	0	0	0	0	0
03.03.1987 00:00	0	0	0	0	0	0	0
04.03.1987 00:00	0	0	0	0	0	0	0
05.03.1987 00:00	0.329298844	0.010715829	0.276960713	3.78159321	1.051482299	0	6.65E-04
06.03.1987 00:00	0	0	0	0	0	0	0
07.03.1987 00:00	0	0	0	0	0	0	0
08.03.1987 00:00	0.176778216	0.006072815	0.139210332	0.596461505	0.182014295	0	0
09.03.1987 00:00	3.996256531	5.100250242	4.066026465	0	0	0.856638039	0
10.03.1987 00:00	1.39484672	1.96040722	1.246241324	0	0	0.353067088	0
11.03.1987 00:00	0	0	0	0	0	0	0
12.03.1987 00:00	0.697939818	0.021961827	0.555185374	2.952668445	0.939515509	0	2.27E-04
13.03.1987 00:00	0.176778216	0.005996647	0.14481304	2.273836189	0.752979252	0	5.75E-04
14.03.1987 00:00	0	0	0	0	0	0	0
15.03.1987 00:00	0	0	0	1.012823894	0.298798947	0	3.61E-04
16.03.1987 00:00	1.311019085	1.597263028	1.410266083	0	0	0.29375232	0
17.03.1987 00:00	0.770764265	0.02500198	0.711046792	2.938365379	0.841293909	0	0
18.03.1987 00:00	0	0	0	0.611868455	0.154471054	0	1.73E-04
19.03.1987 00:00	0	0	0	0	0	0	0
20.03.1987 00:00	0	0	0	0	0	0	0
21.03.1987 00:00	0	0	0	0	0	11.57978721	20.26239214
22.03.1987 00:00	0	0	0	0	0	0	0
23.03.1987 00:00	0	0	0	0	0	0	0
24.03.1987 00:00	0	0	0	0	0	0	0
25.03.1987 00:00	0	0	0	1.601174735	0.457770612	0	5.42E-04
26.03.1987 00:00	1.39484672	1.803430195	1.433530052	0	0	0.322516959	0
27.03.1987 00:00	0.329298844	0.012279891	0.276216064	1.285307965	0.360666374	7.221853368	12.32625453
28.03.1987 00:00	0.477985924	0.017926612	0.372940183	1.850243453	0.59013863	0	0
29.03.1987 00:00	0	0	0	0	0	0	0
30.03.1987 00:00	1.428515037	0.044902018	1.125759942	4.762702226	1.790225516	0	0
31.03.1987 00:00	0.353868809	0.017375056	0.436820262	0.635216976	2.834592121	0.89744014	5.18E-04
01.04.1987 00:00	9.611115931	9.751593291	8.493343517	8.707605209	6.929359356	3.082045158	0.001175606
02.04.1987 00:00	0.97161059	1.294328849	0.963676253	1.057988538	0.304460888	3.101735977	4.918334033
03.04.1987 00:00	0	0	0	0	0	0	0
04.04.1987 00:00	0	0	0	0	0	0	0
05.04.1987 00:00	0	0	0	0	0	0	0
06.04.1987 00:00	0	0	0	0	0	0	0
07.04.1987 00:00	0	0	0	0	0	0	0
08.04.1987 00:00	0	0	0	0	0	0	0
09.04.1987 00:00	33.75372148	41.66100908	33.84382789	7.789161232	5.425858804	15.6570785	10.45224778
10.04.1987 00:00	0.530268988	0.703489673	0.559592825	0	0	0.12117073	0
11.04.1987 00:00	0.340403454	0.428525391	0.34610506	0	0	0.076700764	0
12.04.1987 00:00	0	0	0	0	0	0	0
13.04.1987 00:00	0	0	0	0	0	0	0
14.04.1987 00:00	0	0	0	0	0	0	0
15.04.1987 00:00	0	0	0	0	0	0	0
16.04.1987 00:00	0	0	0	0	0	0	0
17.04.1987 00:00	2.870138702	3.463899119	2.789095761	0	0	0.656390586	0
18.04.1987 00:00	2.627112076	3.116712907	2.650532556	0	0	0.651002578	0
19.04.1987 00:00	0.445810038	0.017892628	0.411172624	2.043276582	1.521575583	5.053662027	8.093517192
20.04.1987 00:00	0	0	0	0	0	0	0
21.04.1987 00:00	0	0	0	0	0	0	0
22.04.1987 00:00	0	0	0	0	0	0	0
23.04.1987 00:00	13.72325479	16.6511747	13.62315302	11.38680878	3.55048628	54.8788985	78.01421486
24.04.1987 00:00	3.064805951	0.104109585	2.503327623	10.62585984	3.507832355	2.082410916	3.144461158
25.04.1987 00:00	0	0	0	1.037354802	0.336134256	0	3.41E-04
26.04.1987 00:00	3.031754632	4.221465196	3.180063598	0	0	0.730606669	0
27.04.1987 00:00	2.403493988	1.773117073	2.853054728	8.053256461	10.23838232	31.98342389	43.27505737
28.04.1987 00:00	1.301033253	0.675437065	1.22839501	3.262503889	1.061400813	1.600576622	2.329538268
29.04.1987 00:00	0.147116932	0.00642549	0.184491139	2.511308571	1.892788752	4.223573426	7.289040748
30.04.1987 00:00	6.81019317	8.243419551	6.423245626	2.50027857	6.509955419	52.30820098	82.46102011
01.05.1987 00:00	1.811172161	0.747700721	1.757608094	4.926230161	4.63202403	1.01682995	9.88E-04
02.05.1987 00:00	1.813837646	1.480897697	1.679467103	2.478869526	1.879005825	5.643923671	8.174078908
03.05.1987 00:00	9.565690141	11.63024526	10.27183677	2.155595696	1.379490308	2.559388602	6.48E-04
04.05.1987 00:00	17.46293502	20.61841194	18.21368409	4.708077835	10.63581199	29.20919502	39.21421984
05.05.1987 00:00	11.8026996	10.68180813	12.39631867	14.98912504	10.99954265	3.459393628	0.00203955
06.05.1987 00:00	6.287475121	5.768347521	6.63581351	5.552376872	5.975260035	12.56702464	18.61662678
07.05.1987 00:00	0.863836132	0.032560648	0.684125122	3.132505287	0.915981241	0	0
08.05.1987 00:00	0.106849713	0.003824372	0.081396395	0.360099965	0.114076124	0	0
09.05.1987 00:00	0	0	0	0	0	0	0
10.05.1987 00:00	0	0	0	0	0	0	0
11.05.1987 00:00	0	0	0	0	0	0	0
12.05.1987 00:00	0	0	0	0	0	0	0
13.05.1987 00:00	0	0	0	0	0	0	0
14.05.1987 00:00	0	0	0	0	0	0	0
15.05.1987 00:00	0	0	0	0	0	0	0
16.05.1987 00:00	0	0	0	0	0	0	0
17.05.1987 00:00	0	0	0	0	0	0	0
18.05.1987 00:00	0	0	0	0	0	0	0
19.05.1987 00:00	0	0	0	0	0	0	0
20.05.1987 00:00	0	0	0	0	0	0	0
21.05.1987 00:00	0	0	0	0	0	0	0
22.05.1987 00:00	0	0	0	3.042501158	0.767414973	0	8.77E-04
23.05.1987 00:00	1.747936388	0.063884071	1.817476404	5.483960731	5.79096212	49.08127165	68.24380085
24.05.1987 00:00	0	0	0	0	0	0	0
25.05.1987 00:00	0	0	0	0	0	0	0
26.05.1987 00:00	0	0	0	0	0	0	0
27.05.1987 00:00	0	0	0	0	0	0	0
28.05.1987 00:00	0	0	0	1.390594715	0.437365045	0	4.27E-04
29.05.1987 00:00	3.477551135	3.63636228	3.917321825	1.276206801	4.798181619	2.262235386	8.02E-04
30.05.1987 00:00	2.338708416	2.848576429	2.434148331	0.713751798	0.221307446	0.461623328	0
31.05.1987 00:00	0.573182493	0.021007151	0.582246336	1.708877648	2.313925672	3.852532747	4.757137411
01.06.1987 00:00	2.348291834	1.151516694	2.152825734	5.332142521	4.176867467	7.811777481	10.49612353
02.06.1987 00:00	11.81506586	14.22772957	12.82214254	5.609903609	9.337159437	35.06212125	46.35978082
03.06.1987 00:00	1.145328463	0.047684605	1.662203932	4.43692096	9.382603357	17.40781744	22.41036073
04.06.1987 00:00	9.804920158	11.44589637	10.61861337	7.831466931	6.369522756	5.153416972	3.40768864
05.06.1987 00:00	9.905225508	9.470244931	9.795935958	8.561314571	11.51273986	15.86620859	20.11228218
06.06.1987 00:00	0.790789039	0.02624169	0.643413489	2.837246915	0.834787114	2.392407439	3.900819377
07.06.1987 00:00	0.345481886	0.011533092	0.268165731	1.219968963	0.415306889	15.51064985	26.43387142
08.06.1987 00:00	5.123855228	6.201110029	5.148691244	1.366867443	3.111549966	2.101028428	4.47E-04
09.06.1987 00:00	6.818219615	6.071911459	6.798043418	6.216784912	2.699070542	9.800614373	14.93192388
10.06.1987 00:00	7.650921096	6.08147002	8.791815035	9.832307035	21.00895371	16.16935997	18.46139213
11.06.1987 00:00	1.815106395	2.411382957	1.919984243	1.661650214	0.531180971	0.433932526	5.36E-04
12.06.1987 00:00	0.587268697	0.805625713	0.632796966	0	0	0.13346358	0
13.06.1987 00:00	3.323650936	3.941008049	3.107252652	0.651010986	0.216985587	0.755060498	0
14.06.1987 00:00	1.226742218	0.042274163	1.069214453	4.534246091	1.46219827	0	0
15.06.1987 00:00	2.375996195	0.089480938	2.186479477	8.404087024	5.775289877	4.593682899	5.520934432
16.06.1987 00:00	1.23928214	0.051607493	1.665575431	2.565193953	9.096080696	5.383091513	3.33743841
17.06.1987 00:00	11.93352088	14.14795909	11.23510317	5.997177753	1.747468403	2.607999691	0.001772314
18.06.1987 00:00	0.886526511	0.399103063	0.915262678	1.732965775	2.674571968	0.675815394	4.01E-04
19.06.1987 00:00	1.221175375	0.831761779	1.383730272	1.600418714	3.960221023	1.168544581	6.87E-04
20.06.1987 00:00	11.37879851	10.19166797	10.49324067	15.25247929	5.57724907	1.642513845	4.87E-04
21.06.1987 00:00	8.262489107	7.141961968	9.2605439	11.91282527	19.52648755	23.05201748	25.88868071
22.06.1987 00:00	15.43614473	14.77402693	14.18734128	11.02400461	11.24576402	9.819388985	6.411274528
23.06.1987 00:00	18.63037418	20.90106802	17.01232395	10.83238732	6.857610031	15.94033069	17.47369663
24.06.1987 00:00	48.13108781	54.10869114	47.27462614	11.81079738	14.79752306	28.06603058	26.18607145
25.06.1987 00:00	43.14957557	49.28553204	40.14626644	14.66196157	21.62188503	16.59400929	5.500170912
26.06.1987 00:00	5.215391476	6.568919781	4.990208208	1.256347724	2.477329148	1.801742299	4.17E-04
27.06.1987 00:00	5.946708623	7.606351205	5.508941817	0	0	10.08503379	15.68841477
28.06.1987 00:00	9.339750863	11.02173021	8.643114675	1.493997886	0.91401072	2.370304841	9.79E-05
29.06.1987 00:00	4.958339318	5.022859562	4.662830851	4.660897257	7.005774409	2.682797765	0.001871143
30.06.1987 00:00	4.784579973	6.160515364	4.529734208	2.639601703	2.75175636	18.7021778	24.71183268
01.07.1987 00:00	8.072452762	7.203233248	8.547460493	14.58772562	23.74802176	21.63705193	20.99777049
02.07.1987 00:00	8.618558256	6.370083767	7.555310397	11.85174328	4.012994591	4.403845901	4.879168808
03.07.1987 00:00	15.3287232	16.78193263	15.11407802	12.76651091	9.769281979	55.43804103	84.42837234
04.07.1987 00:00	43.77447636	59.90021301	42.57102553	3.768104628	1.401277885	11.06974079	0
05.07.1987 00:00	14.51534831	10.05378886	16.26813043	24.55193766	36.51396947	15.68599125	6.304676429
06.07.1987 00:00	10.83910459	10.81263798	10.9473338	6.846646338	3.545788218	2.519843275	8.63E-04
07.07.1987 00:00	29.19764547	35.89079487	27.14176725	13.19723096	8.611203956	7.211205861	8.91E-04
08.07.1987 00:00	23.89819703	30.04295384	25.17633278	11.3408215	13.96516466	13.12882469	9.487509364
09.07.1987 00:00	24.57551948	20.42968723	22.74385613	37.94853541	42.36176876	28.47233167	28.49278551
10.07.1987 00:00	23.0068749	26.91871223	21.38585422	3.363664137	7.099267169	12.96160027	11.92343596
11.07.1987 00:00	11.55163265	10.42500499	11.02969882	24.64516116	16.17034029	6.654121037	3.197270846
12.07.1987 00:00	22.98342493	27.09120095	24.57957283	7.190803185	22.54231638	17.94580379	10.29185609
13.07.1987 00:00	13.50511149	16.02161917	12.97442767	4.192223056	3.538292067	27.51883817	44.04203254
14.07.1987 00:00	16.8102944	19.47117741	18.12462824	7.706573583	6.823393944	9.116794739	6.05230851
15.07.1987 00:00	11.84541049	16.15776947	10.95506538	0.644362188	2.757415297	3.799770155	4.87E-04
16.07.1987 00:00	6.009179417	6.171709315	6.272891189	3.219946665	5.437712098	18.07082674	23.18687549
17.07.1987 00:00	19.81968691	16.49367165	18.2387531	42.30466516	32.9486762	11.56997548	2.359139105
18.07.1987 00:00	22.47017186	20.28760341	21.0107711	35.66100228	38.21313581	29.25788414	21.11476006
19.07.1987 00:00	27.98012465	30.53695395	29.70916081	8.360404523	4.85029657	15.11331807	16.84714285
20.07.1987 00:00	15.73473106	15.25274192	15.37441664	14.29636283	10.36657208	9.132352828	7.147559516
21.07.1987 00:00	15.04556393	14.44395939	14.85190855	25.62792017	21.99590547	7.696927467	0.006599191
22.07.1987 00:00	25.935693	33.724274	25.34550899	11.27034359	19.35773028	24.59386814	25.46386776
23.07.1987 00:00	16.71668768	14.38272173	17.03040295	24.26914082	31.36710495	19.56347495	15.76197314
24.07.1987 00:00	46.34482961	43.07882374	46.40217422	55.77189465	46.58799197	31.66760242	23.21571588
25.07.1987 00:00	16.29457881	9.400498751	17.39956207	44.1223386	49.81061381	13.72637681	0.010894928
26.07.1987 00:00	12.59875818	9.332928111	13.13841786	24.69642626	12.76331661	59.12303631	108.6135183
27.07.1987 00:00	9.823076958	9.368543238	9.46029659	13.93848299	9.550532625	3.197815921	0.003720483
28.07.1987 00:00	30.5936208	32.34080415	29.3568002	24.4843679	22.2451569	18.53031497	14.94413983
29.07.1987 00:00	4.027210738	3.981907515	4.017555801	6.533992555	5.267122663	17.23747796	24.79676637
30.07.1987 00:00	28.84603848	28.50845727	30.77468153	25.73001591	28.14459438	40.59468639	46.77111293
31.07.1987 00:00	9.361504663	8.239042378	8.51776901	18.18294284	13.15596363	52.81461875	76.37911332
01.08.1987 00:00	9.670220452	9.968593645	10.04183749	9.088836588	11.58754871	14.61942055	17.03799263
02.08.1987 00:00	25.09714065	31.29598162	25.91457135	13.76770803	11.93776858	45.49966996	61.86887981
03.08.1987 00:00	13.09711459	12.88548688	13.04138882	6.189332169	15.96703282	13.19715533	10.74648454
04.08.1987 00:00	9.355513466	10.47582782	9.244731955	1.229240781	4.722846085	7.709641065	8.32088632
05.08.1987 00:00	3.587555724	3.417423779	3.435320425	1.898105495	2.942732681	9.536151903	15.28607907
06.08.1987 00:00	9.942955961	13.63531897	9.913237833	2.518843966	0.724802704	8.847581324	11.14932155
07.08.1987 00:00	1.305856556	1.646320154	1.276855338	3.459528368	0.950263475	0.282141577	9.07E-04
08.08.1987 00:00	1.523700725	0.056417725	1.378311643	7.221413252	2.412535504	0	6.68E-04
09.08.1987 00:00	17.8531285	20.42830654	16.81972085	10.96729292	10.70953899	25.78030969	26.9916784
10.08.1987 00:00	34.1470736	45.75002315	34.00341079	12.72488695	7.332485388	40.05583325	46.55200461
11.08.1987 00:00	56.88470951	56.22535756	52.728503	34.42631911	24.78350909	54.44344832	62.72607092
12.08.1987 00:00	14.23352162	13.83404911	13.62249261	18.66071573	21.4314564	31.08103967	45.80131641
13.08.1987 00:00	19.40242818	20.41320303	18.19963343	15.91838014	21.63473793	19.31075353	18.39633424
14.08.1987 00:00	10.21417771	9.114001151	10.53802124	6.296407662	19.1996187	17.7959819	21.22233156
15.08.1987 00:00	0.587268697	0.781125701	0.631219082	0	0	0.134288483	0
16.08.1987 00:00	0	0	0	0	0	0	0
17.08.1987 00:00	6.516046756	7.278389227	7.20170677	1.051952486	4.92523401	2.728409654	8.59E-04
18.08.1987 00:00	12.49247035	15.1430422	11.76614415	3.240426155	8.712115448	8.171726026	5.50435609
19.08.1987 00:00	15.39637698	13.97919229	14.85882169	18.16760554	10.21542585	13.92750657	17.1567193
20.08.1987 00:00	9.275272452	7.361209402	9.425734622	23.26004548	35.21037138	9.304571282	0.009042195
21.08.1987 00:00	8.07579589	6.077743012	7.401788039	13.47446591	9.270836671	2.651155219	0.001582131
22.08.1987 00:00	1.09388143	1.120998475	1.109078378	2.407903691	2.31891216	11.27804908	20.26031434
23.08.1987 00:00	0.936697923	0.032318404	0.802892943	3.387290175	1.079784999	0	0
24.08.1987 00:00	41.83052176	55.69751832	41.44544899	3.134012056	6.842095533	12.25021661	0.00124263
25.08.1987 00:00	1.931359001	1.345339337	2.256859181	2.04184224	6.798145083	2.274948396	0.001212473
26.08.1987 00:00	14.1942597	15.87297138	12.87568825	1.9182432	3.422292143	4.070199653	5.08E-04
27.08.1987 00:00	6.62015937	6.550377203	6.373549639	10.67479038	11.31943962	13.69138216	16.23974195
28.08.1987 00:00	30.82437265	34.15538307	32.44357144	30.07055867	20.32815822	9.768377952	0.004298974
29.08.1987 00:00	11.50877742	15.66523274	12.38839374	1.585282345	0.416112942	2.565968008	4.96E-04
30.08.1987 00:00	6.231310094	8.126420779	5.723193286	0.630991311	1.213707955	8.644682206	10.2771496
31.08.1987 00:00	9.52601745	7.828329156	9.469918374	16.39559621	10.59202549	11.33090846	12.79705166
01.09.1987 00:00	39.47127302	47.61273553	39.99766203	10.92071312	11.93838252	24.31666099	22.83644444
02.09.1987 00:00	49.80928663	58.53640012	50.32267491	10.86928022	5.665945323	34.54938539	44.00973095
03.09.1987 00:00	29.81448151	39.93177326	31.90201038	3.707649575	1.000733707	7.091235224	0.001123711
04.09.1987 00:00	22.04244291	16.6724689	22.95672314	33.82013672	39.27448769	20.05822484	13.79445731
05.09.1987 00:00	21.27653702	21.24733766	20.2870496	24.01081163	15.07568111	15.29257034	16.7181841
06.09.1987 00:00	4.436714669	2.081650675	4.556741787	8.911976254	13.92620172	3.916797534	0.00240483
07.09.1987 00:00	6.951852676	5.666323311	7.310964032	7.914839263	10.26095242	3.219617707	0.001821727
08.09.1987 00:00	25.76418877	27.70759894	25.91594158	28.22575732	29.94679159	17.62908211	9.534544627
09.09.1987 00:00	5.160547788	6.206952762	4.686637711	4.936150972	3.220849765	1.760162821	0.001369014
10.09.1987 00:00	3.106413097	4.204964439	2.923892086	0.243869231	0.997101911	61.93977129	91.13856698
11.09.1987 00:00	8.151137043	6.883197316	7.853223074	10.49459754	10.17201587	4.098265731	0.001687753
12.09.1987 00:00	15.97812526	16.12314422	14.28376631	13.07521761	12.73645365	7.467244459	5.0200144
13.09.1987 00:00	7.803544796	8.064078744	7.82152414	12.8831813	20.0212886	32.28738295	36.92061145
14.09.1987 00:00	5.14829057	7.011436031	4.7335043	0	0	1.164130565	0
15.09.1987 00:00	1.452084876	1.667966316	1.424924561	0.490954644	1.146678986	0.709864064	2.75E-04
16.09.1987 00:00	1.19175984	0.224216101	1.564228971	2.550149203	7.966640008	3.938054343	2.587018198
17.09.1987 00:00	1.044583162	1.336819475	0.960758761	0.423986044	0.117354739	4.809754534	8.837282482
18.09.1987 00:00	0	0	0	0.630661514	0.162441812	0	1.94E-04
19.09.1987 00:00	0.253218991	0.009223457	0.194737394	0.966723199	0.294830951	0	0
20.09.1987 00:00	6.747135896	4.427381195	6.94489429	18.65894873	12.50067497	3.21998284	0.003820584
21.09.1987 00:00	5.082965689	4.487261432	4.524243984	5.451048444	3.782295217	16.46434548	23.49616579
22.09.1987 00:00	29.31486642	25.8080708	27.99848546	41.81395743	14.45451018	61.61356497	94.15349764
23.09.1987 00:00	1.007886885	0.224042742	0.974571727	2.704095634	3.10248403	11.31172605	18.26359879
24.09.1987 00:00	5.738341737	5.127857322	5.601585604	5.468954496	13.51891054	11.71531286	11.22253706
25.09.1987 00:00	16.6847204	20.45255072	17.44829306	14.65726278	11.03892204	5.762500825	0.004556153
26.09.1987 00:00	5.14829057	6.119064414	5.453707956	0	0	9.569353089	14.90084026
27.09.1987 00:00	3.366629751	3.8549655	3.288357923	0.142301481	0.602963043	24.954498	43.0566432
28.09.1987 00:00	1.898841764	2.577992071	1.808414938	0	0	10.2077089	16.47984257
29.09.1987 00:00	3.133595836	4.072748413	3.042784739	0	0	8.388788915	13.87232733
30.09.1987 00:00	1.898841764	2.286746755	1.954814611	0	0	0.484293701	0
01.10.1987 00:00	0	0	0	0	0	0	0
02.10.1987 00:00	2.725401036	3.219332756	2.714536309	0	0	2.177435072	2.806154772
03.10.1987 00:00	0	0	0	0	0	0	0
04.10.1987 00:00	1.982331284	2.618070637	2.131977553	0	0	0.438707395	0
05.10.1987 00:00	0.092948296	0.004060366	0.135968262	0.200493087	0.739779143	8.942548875	16.71001295
06.10.1987 00:00	0	0	0	0	0	0	0
07.10.1987 00:00	0	0	0	0	0	0	0
08.10.1987 00:00	0	0	0	0	0	0	0
09.10.1987 00:00	10.65032631	12.8346615	10.57978967	1.138271905	1.304359186	2.941683368	1.65E-04
10.10.1987 00:00	0	0	0	0	0	0	0
11.10.1987 00:00	0	0	0	0	0	0	0
12.10.1987 00:00	0	0	0	0	0	0	0
13.10.1987 00:00	0	0	0	0	0	0	0
14.10.1987 00:00	0	0	0	0	0	0	0
15.10.1987 00:00	0	0	0	0	0	0	0
16.10.1987 00:00	0	0	0	0	0	0	0
17.10.1987 00:00	0	0	0	0	0	0	0
18.10.1987 00:00	1.993233147	2.2778435	2.08274978	0.703854965	2.55273252	1.342670103	4.65E-04
19.10.1987 00:00	40.1827392	46.62020214	41.459044	27.89630958	28.25384275	21.51568437	9.655935095
20.10.1987 00:00	50.83677733	37.72783615	55.97838741	66.46291644	97.31813738	129.134305	154.0581797
21.10.1987 00:00	0	0	0	0	0	0	0
22.10.1987 00:00	0	0	0	0	0	0	0
23.10.1987 00:00	0	0	0	0	0	0	0
24.10.1987 00:00	0	0	0	0	0	0	0
25.10.1987 00:00	0.114629151	0.005021323	0.140971747	0.238591485	0.937325343	0.275607495	1.73E-04
26.10.1987 00:00	0.49586896	0.017693142	0.390599103	1.841018702	0.601628764	0	0
27.10.1987 00:00	0.487338576	0.021090676	0.586087404	1.297509464	2.781866855	0.755902241	4.07E-04
28.10.1987 00:00	0	0	0	0	0	0	0
29.10.1987 00:00	0	0	0	0	0	0	0
30.10.1987 00:00	0	0	0	0	0	0	0
31.10.1987 00:00	0	0	0	0	0	0	0
01.11.1987 00:00	0	0	0	0	0	0	0
02.11.1987 00:00	0	0	0	0	0	0	0
03.11.1987 00:00	0	0	0	0	0	0	0
04.11.1987 00:00	0	0	0	0	0	0	0
05.11.1987 00:00	0	0	0	0	0	0	0
06.11.1987 00:00	0	0	0	0	0	0	0
07.11.1987 00:00	0	0	0	0	0	0	0
08.11.1987 00:00	0	0	0	0	0	0	0
09.11.1987 00:00	0	0	0	0	0	0	0
10.11.1987 00:00	0	0	0	0	0	0	0
11.11.1987 00:00	0	0	0	0	0	0	0
12.11.1987 00:00	0	0	0	0	0	0	0
13.11.1987 00:00	0	0	0	0	0	0	0
14.11.1987 00:00	0	0	0	0	0	0	0
15.11.1987 00:00	0	0	0	0	0	0	0
16.11.1987 00:00	0	0	0	0	0	0	0
17.11.1987 00:00	0	0	0	0	0	0	0
18.11.1987 00:00	0	0	0	0	0	0	0
19.11.1987 00:00	0	0	0	0	0	0	0
20.11.1987 00:00	0	0	0	0	0	0	0
21.11.1987 00:00	0	0	0	0	0	0	0
22.11.1987 00:00	0	0	0	0	0	0	0
23.11.1987 00:00	0	0	0	0	0	0	0
24.11.1987 00:00	0	0	0	0	0	0	0
25.11.1987 00:00	0	0	0	0	0	0	0
26.11.1987 00:00	0	0	0	0	0	0	0
27.11.1987 00:00	0	0	0	0	0	0	0
28.11.1987 00:00	0	0	0	0	0	0	0
29.11.1987 00:00	0	0	0	0	0	0	0
30.11.1987 00:00	0	0	0	0	0	0	0
01.12.1987 00:00	0	0	0	0	0	0	0
02.12.1987 00:00	0	0	0	0	0	0	0
03.12.1987 00:00	0	0	0	0	0	0	0
04.12.1987 00:00	0	0	0	0	0	0	0
05.12.1987 00:00	0	0	0	0	0	0	0
06.12.1987 00:00	0	0	0	0	0	0	0
07.12.1987 00:00	0	0	0	0	0	0	0
08.12.1987 00:00	0	0	0	0	0	0	0
09.12.1987 00:00	0	0	0	0	0	0	0
10.12.1987 00:00	0	0	0	0	0	0	0
11.12.1987 00:00	0	0	0	0	0	0	0
12.12.1987 00:00	2.172954431	0.728700801	1.98625504	5.881040224	1.852614067	0.130179673	0
13.12.1987 00:00	13.08794905	17.15342239	12.81616423	5.656143221	5.505891951	19.30117476	23.52595631
14.12.1987 00:00	1.97445399	2.522035509	1.906988797	0	0	0.452156737	0
15.12.1987 00:00	0	0	0	0	0	0	0
16.12.1987 00:00	0	0	0	0	0	0	0
17.12.1987 00:00	0	0	0	0	0	0	0
18.12.1987 00:00	0	0	0	0	0	0	0
19.12.1987 00:00	0	0	0	0	0	0	0
20.12.1987 00:00	0	0	0	0	0	0	0
21.12.1987 00:00	0	0	0	0	0	0	0
22.12.1987 00:00	0	0	0	0	0	0	0
23.12.1987 00:00	0	0	0	0	0	0	0
24.12.1987 00:00	0	0	0	0	0	0	0
25.12.1987 00:00	0	0	0	0	0	0	0
26.12.1987 00:00	0	0	0	0	0	0	0
27.12.1987 00:00	0	0	0	0	0	0	0
28.12.1987 00:00	0	0	0	0	0	0	0
29.12.1987 00:00	0	0	0	0	0	0	0
30.12.1987 00:00	0	0	0	0	0	0	0
31.12.1987 00:00	0	0	0	0	0	0	0
01.01.1988 00:00	0	0	0	0	0	0	0
02.01.1988 00:00	0	0	0	0	0	0	0
03.01.1988 00:00	0	0	0	0	0	0	0
04.01.1988 00:00	0	0	0	0	0	0	0
05.01.1988 00:00	0	0	0	0	0	0	0
06.01.1988 00:00	0	0	0	0	0	0	0
07.01.1988 00:00	1.642685444	0.0608981	1.371355474	5.594561909	1.935264443	8.267830222	13.38101501
08.01.1988 00:00	0.42150205	0.019962284	0.551039754	0.842415645	3.587288549	10.11593746	15.62039272
09.01.1988 00:00	0	0	0	0	0	1.56117189	2.234787175
10.01.1988 00:00	3.434602502	4.396674202	3.35686007	0	0	0.817785239	0
11.01.1988 00:00	0	0	0	0	0	0	0
12.01.1988 00:00	0	0	0	0	0	0	0
13.01.1988 00:00	0	0	0	0	0	0	0
14.01.1988 00:00	0	0	0	0	0	0	0
15.01.1988 00:00	2.220122163	2.853319466	1.990318915	0	0	0.501910658	0
16.01.1988 00:00	0	0	0	0	0	0	0
17.01.1988 00:00	0	0	0	0	0	0	0
18.01.1988 00:00	0	0	0	0	0	0	0
19.01.1988 00:00	0	0	0	0	0	0	0
20.01.1988 00:00	0	0	0	0	0	0	0
21.01.1988 00:00	0	0	0	0	0	0	0
22.01.1988 00:00	0	0	0	0	0	0	0
23.01.1988 00:00	0	0	0	0	0	0	0
24.01.1988 00:00	0	0	0	0	0	0	0
25.01.1988 00:00	0	0	0	0	0	0	0
26.01.1988 00:00	0	0	0	0	0	0	0
27.01.1988 00:00	0	0	0	0	0	0	0
28.01.1988 00:00	0	0	0	0	0	0	0
29.01.1988 00:00	0	0	0	0	0	0	0
30.01.1988 00:00	0	0	0	0	0	0	0
31.01.1988 00:00	0	0	0	0	0	0	0
01.02.1988 00:00	0	0	0	0	0	0	0
02.02.1988 00:00	0	0	0	0	0	0	0
03.02.1988 00:00	0	0	0	0	0	0	0
04.02.1988 00:00	0	0	0	0	0	0	0
05.02.1988 00:00	0	0	0	0	0	0	0
06.02.1988 00:00	0	0	0	0	0	0	0
07.02.1988 00:00	0	0	0	0	0	0	0
08.02.1988 00:00	0	0	0	0	0	0	0
09.02.1988 00:00	0	0	0	0	0	0	0
10.02.1988 00:00	0	0	0	0	0	0	0
11.02.1988 00:00	0	0	0	0	0	0	0
12.02.1988 00:00	0	0	0	0	0	0	0
13.02.1988 00:00	0	0	0	0	0	0	0
14.02.1988 00:00	1.060529383	0.033155194	0.844289651	3.719733034	1.118487406	0	0
15.02.1988 00:00	3.091107681	3.454361275	3.192098453	2.677023262	3.881163424	1.534439888	0.001108088
16.02.1988 00:00	0	0	0	0	0	15.63470651	26.70747237
17.02.1988 00:00	0	0	0	0	0	0	0
18.02.1988 00:00	0	0	0	0	0	0	0
19.02.1988 00:00	0	0	0	0	0	0	0
20.02.1988 00:00	0	0	0	0	0	0	0
21.02.1988 00:00	3.912588426	4.800207251	3.547474362	1.607469717	0.570202867	0.830746037	0
22.02.1988 00:00	0.431135422	0.020104037	0.523379429	0.911844108	3.613193708	1.048539687	6.36E-04
23.02.1988 00:00	1.642685444	0.057485406	1.298802611	5.542021903	2.061745037	0	0
24.02.1988 00:00	5.637686948	6.232395434	5.616794527	1.084888052	5.34595217	7.449689485	8.875680844
25.02.1988 00:00	6.621544409	8.630470148	7.068943618	2.977402284	0.868381736	1.722646327	9.51E-04
26.02.1988 00:00	5.828894556	7.327778288	5.631867976	0	0	1.368099328	0
27.02.1988 00:00	0	0	0	0	0	0	0
28.02.1988 00:00	0.785306971	0.025890045	0.623953918	2.946167472	0.975352621	0	0
29.02.1988 00:00	6.621544409	8.65324188	6.441034431	0	0	6.067397862	8.551695135
01.03.1988 00:00	0	0	0	1.640412311	0.487426422	0	5.40E-04
02.03.1988 00:00	0	0	0	0	0	0	0
03.03.1988 00:00	0	0	0	0	0	0	0
04.03.1988 00:00	0	0	0	0	0	0	0
05.03.1988 00:00	0	0	0	0	0	0	0
06.03.1988 00:00	0.712199352	0.027082508	0.758994446	3.830464108	4.299156923	0.923325241	0.001082054
07.03.1988 00:00	0	0	0	0	0	0	0
08.03.1988 00:00	0	0	0	0	0	0	0
09.03.1988 00:00	9.153680111	7.600384011	8.433733111	17.28859879	8.957140249	2.841017039	0.003567363
10.03.1988 00:00	1.420702524	0.064336306	1.981103251	3.031251315	11.45612352	12.3156217	14.57695459
11.03.1988 00:00	1.39484672	1.881200896	1.249408022	0	0	0.307086907	0
12.03.1988 00:00	8.751798176	7.020232334	9.006047912	10.60552446	3.249600815	1.379381586	0
13.03.1988 00:00	11.255074	12.54903269	11.58586684	1.863729067	7.330002651	12.20212498	10.4170733
14.03.1988 00:00	0	0	0	5.511097242	1.608128622	0	0.001719419
15.03.1988 00:00	0	0	0	0	0	0	0
16.03.1988 00:00	0	0	0	0	0	0	0
17.03.1988 00:00	0	0	0	0	0	0	0
18.03.1988 00:00	0	0	0	0	0	0	0
19.03.1988 00:00	2.297674604	0.085967483	2.116285502	8.843835995	2.911284117	11.74298224	17.27489125
20.03.1988 00:00	12.66754274	14.37884632	14.11986215	7.34572803	11.29160088	5.413856879	0.003407986
21.03.1988 00:00	0	0	0	0	0	0	0
22.03.1988 00:00	0	0	0	0	0	0	0
23.03.1988 00:00	0	0	0	0	0	0	0
24.03.1988 00:00	0	0	0	0	0	0	0
25.03.1988 00:00	0	0	0	0	0	0	0
26.03.1988 00:00	0	0	0	0	0	0	0
27.03.1988 00:00	0	0	0	0	0	0	0
28.03.1988 00:00	0	0	0	0	0	0	0
29.03.1988 00:00	0	0	0	0	0	0	0
30.03.1988 00:00	0	0	0	0	0	0	0
31.03.1988 00:00	0	0	0	0	0	0	0
01.04.1988 00:00	0	0	0	0	0	0	0
02.04.1988 00:00	0	0	0	0	0	0	0
03.04.1988 00:00	0	0	0	0	0	0	0
04.04.1988 00:00	0	0	0	0	0	0	0
05.04.1988 00:00	0	0	0	0	0	0	0
06.04.1988 00:00	0	0	0	0	0	0	0
07.04.1988 00:00	0	0	0	0	0	0	0
08.04.1988 00:00	0	0	0	0	0	0	0
09.04.1988 00:00	0	0	0	0	0	0	0
10.04.1988 00:00	0.237566007	0.308127157	0.237465965	0	0	0.057809749	0
11.04.1988 00:00	0	0	0	0	0	0	0
12.04.1988 00:00	0	0	0	0	0	0	0
13.04.1988 00:00	0	0	0	0	0	0	0
14.04.1988 00:00	0.338966634	0.012746853	0.324524072	1.727006161	1.186944664	0.204163059	3.30E-04
15.04.1988 00:00	0.835072183	0.032421239	0.922324324	2.206196675	4.11805763	1.098536069	6.11E-04
16.04.1988 00:00	0.176778216	0.005882944	0.138108896	2.028081739	0.648574496	6.938304707	12.43053577
17.04.1988 00:00	0.760434266	0.029992697	0.906734552	2.126507019	4.234728983	11.28790398	15.48261342
18.04.1988 00:00	6.172795227	5.645154991	6.153728557	9.570492541	6.417486782	7.878625319	9.255196937
19.04.1988 00:00	0	0	0	0	0	0	0
20.04.1988 00:00	0.126775192	0.006055531	0.167123932	0.261297986	1.09847195	0.308671654	1.64E-04
21.04.1988 00:00	0.176778216	0.005747731	0.159087987	1.355860276	0.383365283	9.32913518	16.88066019
22.04.1988 00:00	2.056022118	0.070290256	1.887648193	7.397615294	7.774434958	70.95688768	127.6269516
23.04.1988 00:00	0.116511194	0.004935666	0.161078953	0.251092162	0.934573157	0.278130205	1.55E-04
24.04.1988 00:00	6.119824536	7.045019983	5.854479762	4.178550813	3.610377364	5.227346199	4.433909224
25.04.1988 00:00	3.04890587	2.811228292	3.067269317	1.895812279	5.183834382	1.790990096	8.40E-04
26.04.1988 00:00	1.311019085	1.748440881	1.41026542	2.179970067	0.53193892	13.49326388	23.16916732
27.04.1988 00:00	2.699335364	2.605706012	2.760727364	0.936425548	3.795362924	1.802390645	7.28E-04
28.04.1988 00:00	2.627112076	3.665548792	2.637752846	0	0	0.60902148	0
29.04.1988 00:00	0	0	0	0	0	0	0
30.04.1988 00:00	1.646341918	0.071345692	2.103375131	7.25975098	11.86230297	17.90603246	23.7834244
01.05.1988 00:00	0	0	0	0.823339899	0.239867748	0	2.48E-04
02.05.1988 00:00	0.1900551	0.007147193	0.146419504	5.910139948	1.65849327	0	0.001496876
03.05.1988 00:00	1.63318951	0.069225849	1.981293273	4.78041645	14.25377068	3.598497412	0.00278926
04.05.1988 00:00	18.57689475	20.81490597	19.02337373	16.04098234	15.44996377	16.62789673	18.63160264
05.05.1988 00:00	3.527700484	0.132130222	2.887193489	13.3246631	6.565009932	9.722683644	16.34345164
06.05.1988 00:00	2.590391745	1.790433272	2.746524056	3.120687438	5.5550476	1.893552404	8.97E-04
07.05.1988 00:00	0.492240171	0.023831424	0.641824533	1.018189865	4.094241862	1.20699742	6.78E-04
08.05.1988 00:00	0.1900551	0.007055499	0.15053075	0.70288752	0.201723692	0	0
09.05.1988 00:00	0	0	0	0	0	0	0
10.05.1988 00:00	0.092948296	0.004478483	0.131339169	0.167699446	0.801811435	0.211859581	1.37E-04
11.05.1988 00:00	0	0	0	0	0	0	0
12.05.1988 00:00	0	0	0	0	0	0	0
13.05.1988 00:00	0	0	0	0	0	0	0
14.05.1988 00:00	5.500751904	5.752099493	5.290873741	3.828623683	1.287489747	13.85886522	20.00116243
15.05.1988 00:00	4.817088007	5.348456282	5.168618781	1.599026282	1.327362763	1.250000927	1.77E-04
16.05.1988 00:00	4.252623488	4.186217182	4.855520663	5.006695035	6.936685259	7.049768881	8.42999893
17.05.1988 00:00	3.603166682	0.16662446	5.224902491	6.582174135	31.11363035	9.461505129	0.005090595
18.05.1988 00:00	2.249808093	0.091164988	2.475483222	6.284017554	9.37163028	2.523561471	0.001419661
19.05.1988 00:00	1.68825469	0.071351432	1.740890717	11.18783145	10.45439586	2.179521673	0.003102854
20.05.1988 00:00	10.07944276	11.77058714	10.06329946	8.500855651	5.809362387	3.478912602	0.00201954
21.05.1988 00:00	6.801068565	8.97282233	6.585558984	1.173878469	0.726870932	6.643975117	9.51105282
22.05.1988 00:00	1.137802933	0.049100611	1.322746003	3.928301114	7.659062805	2.511477952	0.001630204
23.05.1988 00:00	2.207286313	2.498056481	2.314060861	0.105655763	0.478007469	0.68155573	9.12E-05
24.05.1988 00:00	0	0	0	0	0	0	0
25.05.1988 00:00	14.73902067	15.36125618	14.15098361	5.980887617	1.943018013	3.132048748	0
26.05.1988 00:00	5.946708623	8.017375242	6.005096181	0	0	1.387262289	0
27.05.1988 00:00	3.565285842	2.461173789	3.103837915	5.968169565	1.73590821	4.738991972	7.805426644
28.05.1988 00:00	0	0	0	0	0	0	0
29.05.1988 00:00	0.957166239	0.040325324	1.26126934	8.324025598	9.114155935	11.13962487	14.81373905
30.05.1988 00:00	0.876315601	0.037656114	0.997733268	2.395273363	4.851159836	1.164014698	7.30E-04
31.05.1988 00:00	1.918967132	0.075594919	1.923816958	7.104757597	5.163203059	0.960621321	7.11E-04
01.06.1988 00:00	1.078194796	0.041831735	1.08017672	8.998312976	4.953872912	0.72183723	0.002047386
02.06.1988 00:00	3.160867305	1.536932978	3.156487903	6.809910212	6.302164408	1.367885578	7.68E-04
03.06.1988 00:00	7.635932538	8.512296898	8.277766351	1.275975007	2.23068553	2.081907609	3.26E-04
04.06.1988 00:00	1.242778059	0.047621059	1.275388009	3.189074247	5.024646056	17.20520313	26.37823323
05.06.1988 00:00	0.356223936	0.015969186	0.503372386	0.67699291	3.028270544	27.63998405	47.79823867
06.06.1988 00:00	0	0	0	0	0	0	0
07.06.1988 00:00	1.69666569	0.068734784	1.856470519	12.44176536	12.16359072	2.789633346	0.003985119
08.06.1988 00:00	1.898841764	2.639637698	1.903050308	0	0	15.82307643	24.78625106
09.06.1988 00:00	7.975643569	5.536518507	7.429544333	12.87031899	13.92329593	4.317179069	0.002121962
10.06.1988 00:00	11.97962524	10.97247863	13.5142221	11.88066402	17.32141287	6.832274954	0.004087651
11.06.1988 00:00	30.74330365	31.78939103	33.84521605	23.09073642	31.13417614	25.20578945	21.38341098
12.06.1988 00:00	28.67962588	32.52786236	31.12904429	12.26609254	26.85624827	28.1480641	22.8776802
13.06.1988 00:00	15.14637364	18.62421834	13.61878033	10.74371585	6.820735904	23.59353852	33.31246917
14.06.1988 00:00	16.5698528	18.61272176	15.1593379	11.30183119	13.00738012	12.17953231	10.73297175
15.06.1988 00:00	25.21533397	30.34529925	25.32757147	17.28393348	11.2031713	40.39106369	64.64256128
16.06.1988 00:00	17.03404027	17.05998866	16.24935237	15.92820863	13.23322916	21.96277787	27.2524519
17.06.1988 00:00	38.02866532	32.92107061	35.45270757	39.95488638	36.25610421	17.81889943	7.696608891
18.06.1988 00:00	8.085070674	10.43444773	7.24856503	6.618248707	1.94661272	1.646656797	0.001472251
19.06.1988 00:00	8.894051956	9.240808748	9.245019944	7.580520758	6.622884043	13.14110126	16.18412943
20.06.1988 00:00	9.942955961	11.73782004	9.18364991	11.66010327	2.83465014	2.551738607	0.003590753
21.06.1988 00:00	15.15545232	17.66163584	15.4139586	11.8565498	10.0712685	5.405614722	0.002964398
22.06.1988 00:00	24.76561345	28.57114855	27.12829342	15.95401388	16.79978166	9.511911234	0.003722617
23.06.1988 00:00	4.461909537	2.311615749	4.360196037	9.091338556	4.934399031	1.187765149	4.28E-04
24.06.1988 00:00	8.301787322	7.051971489	9.553624116	7.097952764	19.32161627	36.25006183	51.54086522
25.06.1988 00:00	31.18089561	37.63849785	28.13409967	13.63813441	15.26427581	10.12557757	0.003440903
26.06.1988 00:00	3.514297013	1.341084822	3.02601599	13.20986351	6.413086319	51.40898101	82.47830556
27.06.1988 00:00	15.73638934	16.28004622	17.03262084	11.0249467	15.03268208	9.981046701	5.537123876
28.06.1988 00:00	0	0	0	0	0	0	0
29.06.1988 00:00	0	0	0	3.823812218	1.028033535	0	0.001113742
30.06.1988 00:00	2.81007867	2.917210513	2.552083675	1.714670137	0.613313176	0.529633095	0
01.07.1988 00:00	6.93738244	6.044213492	6.4998084	18.14473149	6.029041129	1.29722374	0.003304486
02.07.1988 00:00	36.47178847	38.70951499	38.73476259	16.0931079	48.2808863	21.01155928	0.008619031
03.07.1988 00:00	7.101937777	7.538587394	7.782066824	14.57458967	8.296737384	28.8083438	45.85504305
04.07.1988 00:00	5.729411207	3.375905368	5.710799004	12.20753189	10.59121382	2.609356934	0.002432184
05.07.1988 00:00	26.26419202	29.39628437	25.19561109	13.5040084	6.688168466	17.45167771	18.94384169
06.07.1988 00:00	4.653731062	2.730216742	4.930303336	9.621916835	20.28439081	18.10158884	24.66689426
07.07.1988 00:00	16.53629908	14.50248335	16.35572098	28.07189499	8.437520333	31.79747485	48.77901189
08.07.1988 00:00	43.67064885	44.86277059	40.25896605	48.77650796	45.20482303	26.22095317	16.22389711
09.07.1988 00:00	24.80883071	25.46622942	23.66574929	18.83679529	5.958960753	24.87098504	37.41082116
10.07.1988 00:00	25.32039014	24.16490228	24.05857265	27.31957444	46.13904048	28.87073058	18.48018433
11.07.1988 00:00	15.38592241	14.08269992	16.03403702	30.10630105	9.483644759	32.44779569	49.58519937
12.07.1988 00:00	12.72989917	9.691961212	14.05624301	13.48574166	43.84026373	46.42355092	50.52593214
13.07.1988 00:00	23.3471092	29.34524377	23.83209208	9.555465011	5.091735425	41.13987723	53.15012969
14.07.1988 00:00	25.92226956	28.02909673	28.17364887	14.18723689	14.25503059	8.025983766	0.004736069
15.07.1988 00:00	16.83981573	15.33727316	19.12039994	18.46720399	35.5009479	11.76608168	0.007104992
16.07.1988 00:00	32.61622492	33.47710365	33.95267422	20.87426243	56.86964056	43.9479157	33.74615851
17.07.1988 00:00	37.42281442	41.28038262	39.00368739	25.32011918	13.98593994	9.676180302	0.001986456
18.07.1988 00:00	47.32575104	54.68017207	47.21829596	11.46905732	22.42444339	17.2053889	0.003958702
19.07.1988 00:00	9.156697468	9.788508095	10.27483559	10.79291844	11.26187426	10.4543537	10.37553244
20.07.1988 00:00	19.16945933	24.61294066	19.49841802	15.22785811	7.641162164	4.816183201	0.004098052
21.07.1988 00:00	26.66947087	26.10329339	27.6171526	33.60858614	35.66095431	54.77073295	78.21035409
22.07.1988 00:00	22.30646975	24.96296833	20.0915415	31.04520467	13.7320691	11.12762215	9.410571074
23.07.1988 00:00	22.06111126	20.0106786	22.49605889	29.78377466	34.20337162	10.37336787	0.006334452
24.07.1988 00:00	16.28602473	19.62238699	16.17298162	6.535428471	6.31279579	13.27905367	11.42385168
25.07.1988 00:00	14.72716546	9.168593227	13.97153442	32.83059361	38.93666635	28.48134913	28.63960634
26.07.1988 00:00	16.60708765	17.45518442	17.38002069	6.601948605	7.098330853	5.01743938	0.001063662
27.07.1988 00:00	4.161052637	3.512887009	4.155140005	3.502662736	5.088732161	13.56399707	19.09686857
28.07.1988 00:00	9.065843368	2.4065354	9.032247757	27.98585723	32.4368155	23.23453167	23.78221984
29.07.1988 00:00	11.74212407	10.44350491	11.78265179	9.109203661	13.55981389	13.79150132	14.68043317
30.07.1988 00:00	5.656009875	5.294280164	5.666219025	8.898807306	3.801674958	17.01101617	22.75313631
31.07.1988 00:00	26.0894696	19.19325554	28.85525455	59.85083751	55.97729031	31.54719919	21.06090723
01.08.1988 00:00	54.97591058	57.23992498	60.36061054	62.18727325	67.43230233	50.83937631	51.34382262
02.08.1988 00:00	2.25054145	2.043380418	2.328679605	2.247340645	2.784334402	0.949068177	4.29E-04
03.08.1988 00:00	0.106849713	0.003408876	0.092324121	0.417520863	0.120706141	0	0
04.08.1988 00:00	8.870451502	11.45798043	9.405745093	2.147593728	0.697836458	9.767255875	14.24269819
05.08.1988 00:00	27.89901361	26.76272091	27.45215495	18.87805502	15.85135936	7.777059336	0.002987666
06.08.1988 00:00	27.25561814	31.13957266	27.89507362	16.51814262	19.58237048	25.49760494	26.9531634
07.08.1988 00:00	34.17696493	29.81078337	32.03158312	56.87999621	49.58572384	15.82464343	0.013436351
08.08.1988 00:00	3.052157318	3.577387996	3.009156116	0	0	19.41577324	28.65404726
09.08.1988 00:00	10.23974133	6.864056978	10.86973531	14.82985698	26.35542299	18.48368826	15.45987549
10.08.1988 00:00	32.16073296	32.19362023	32.78471446	23.63953693	39.8752699	48.65021787	53.47851388
11.08.1988 00:00	72.25590126	76.74662281	65.84823185	35.04382694	34.34490008	30.84845161	18.04446116
12.08.1988 00:00	15.967171	10.9029038	15.94129854	25.47857275	21.79412217	7.860454227	0.004159108
13.08.1988 00:00	15.3329435	16.84446903	16.38297948	7.575304846	7.703050438	26.45387419	33.77344477
14.08.1988 00:00	28.36429143	36.96868384	25.92538657	8.441748702	4.533419485	6.965499456	0.001278695
15.08.1988 00:00	54.82875857	59.31646799	51.23987935	44.9879114	45.5563705	27.09083257	4.594540581
16.08.1988 00:00	11.1720427	14.51828894	10.34265225	1.199321099	1.788300848	2.953080104	2.32E-04
17.08.1988 00:00	30.04388857	34.49645011	32.41055651	12.97923853	18.45237883	17.74570777	9.748343962
18.08.1988 00:00	23.34984893	24.28257121	25.28849042	20.20914907	23.17064714	12.31913969	3.775891608
19.08.1988 00:00	18.03862462	16.81047964	19.66765191	20.86430016	15.72394157	37.07203596	57.46225234
20.08.1988 00:00	17.44465409	20.37276235	19.03172389	13.90634674	14.52650345	11.39683516	7.17151547
21.08.1988 00:00	24.37206521	26.56238803	23.52444834	9.718878641	5.862532235	15.78951442	14.44117054
22.08.1988 00:00	47.60084249	57.79180157	50.79073325	24.47601865	28.93351166	15.09499764	0.00568052
23.08.1988 00:00	55.20014735	62.38470936	56.5610791	24.82448537	15.89101415	18.87282894	5.661118174
24.08.1988 00:00	25.53830721	30.36467547	25.1780671	8.044631087	7.402168065	7.576676121	0.002289207
25.08.1988 00:00	37.24921308	40.04159961	40.28841423	14.64315096	10.03291869	31.77588763	42.28829967
26.08.1988 00:00	14.24728274	15.83381777	14.0839898	11.79041067	13.35272971	12.8249584	12.80384771
27.08.1988 00:00	7.666681126	7.127353163	8.011825685	12.42718442	7.112075614	14.3353549	19.11462157
28.08.1988 00:00	27.44835303	34.39476745	29.57284426	12.98741672	10.34344604	29.87127165	33.94124683
29.08.1988 00:00	68.36878339	69.18756386	61.88913292	56.52260684	44.07240249	38.06903379	24.91049427
30.08.1988 00:00	10.85998246	11.49155288	10.76789567	8.086568769	8.495712209	19.25316456	28.26008913
31.08.1988 00:00	8.374582543	10.98064748	7.882588973	0	0	13.51318735	17.33950472
01.09.1988 00:00	20.72923275	19.06912856	18.96938312	15.81783878	20.45315748	9.308474371	0.003889165
02.09.1988 00:00	14.56401549	15.2649452	15.3552169	15.21701053	12.99631393	23.58791037	33.2871253
03.09.1988 00:00	5.977479382	4.295077536	6.559114298	5.637233709	17.0690935	13.39190212	15.19433392
04.09.1988 00:00	29.41215366	39.92549649	30.07599857	3.618394949	4.524147719	7.497846489	6.23E-04
05.09.1988 00:00	13.07257659	16.93527893	13.62145827	0	0	8.746778227	11.13713972
06.09.1988 00:00	33.61113026	25.76673878	36.78816647	51.17328715	62.99935445	52.84468639	48.2061738
07.09.1988 00:00	39.36690877	50.13848482	42.71537359	13.40884716	14.05689935	12.48224728	0.00342034
08.09.1988 00:00	17.35778392	13.04235908	18.45817534	24.76811174	28.4834082	14.01813324	9.296303911
09.09.1988 00:00	21.17712364	21.23820529	20.96628243	12.70295941	9.43457198	25.17154081	32.29934975
10.09.1988 00:00	21.30151102	27.650644	21.44474629	3.434395773	6.188008494	9.531632228	5.075676942
11.09.1988 00:00	1.477162818	1.797278994	1.557764457	0	0	0.381141683	0
12.09.1988 00:00	0	0	0	0	0	0	0
13.09.1988 00:00	3.539520799	4.141656461	3.45514895	0	0	4.375038935	6.578527794
14.09.1988 00:00	1.708916153	0.065278581	1.777575165	4.795511706	6.964242561	6.189249765	8.477158003
15.09.1988 00:00	0	0	0	0	0	0	0
16.09.1988 00:00	6.018687165	2.795107057	6.264389514	14.32941543	23.95823932	6.27003173	0.004739365
17.09.1988 00:00	1.751401332	0.065887669	1.610171667	5.81373266	3.350738219	0.604333211	3.57E-04
18.09.1988 00:00	1.699324853	0.070058207	1.687671819	5.916851047	7.230096869	5.014572856	5.669970387
19.09.1988 00:00	0.39093347	0.012905137	0.321719842	1.483630654	0.468717677	0	0
20.09.1988 00:00	0	0	0	0	0	0	0
21.09.1988 00:00	13.30468805	15.60977384	12.97917622	0.676013087	1.25104658	3.068863932	1.85E-04
22.09.1988 00:00	0.790789039	0.024813817	0.6491138	2.799152353	0.834449191	0	0
23.09.1988 00:00	0.796822168	0.029724944	0.897844974	4.969102666	4.277628007	0.908434849	0.001445075
24.09.1988 00:00	0.91006311	0.039482222	1.316248358	3.478627342	7.144459183	5.790660928	5.139702738
25.09.1988 00:00	6.56406859	7.189902242	7.201501654	1.193618333	5.16586754	10.80705305	12.70837702
26.09.1988 00:00	2.725401036	3.675642595	2.509460071	0	0	0.629953598	0
27.09.1988 00:00	3.539520799	4.919736592	3.231205593	0	0	0.770749901	0
28.09.1988 00:00	14.24432451	20.05547297	12.85788125	0	0	3.057147708	0
29.09.1988 00:00	7.589201714	10.04752159	7.59572732	0	0	1.96162315	0
30.09.1988 00:00	2.725401036	3.684626391	2.494568244	0	0	0.625647395	0
01.10.1988 00:00	0	0	0	0	0	0	0
02.10.1988 00:00	0	0	0	6.420588707	1.706115957	0	0.002109093
03.10.1988 00:00	0	0	0	0	0	0	0
04.10.1988 00:00	1.477162818	1.767121195	1.335403151	0	0	0.34457929	0
05.10.1988 00:00	13.90358987	18.71181117	12.37553452	2.139090433	0.553156565	2.99028175	5.28E-04
06.10.1988 00:00	0.98909787	0.035605045	0.933830816	3.186649636	2.114476442	0.285554807	1.82E-04
07.10.1988 00:00	0	0	0	0	0	0	0
08.10.1988 00:00	0	0	0	0	0	0	0
09.10.1988 00:00	0	0	0	0	0	0	0
10.10.1988 00:00	0	0	0	0	0	0	0
11.10.1988 00:00	0	0	0	0	0	0	0
12.10.1988 00:00	0	0	0	0	0	0	0
13.10.1988 00:00	0	0	0	0	0	0	0
14.10.1988 00:00	0	0	0	0	0	9.64106377	15.46278158
15.10.1988 00:00	0	0	0	0	0	0	0
16.10.1988 00:00	0	0	0	0	0	0	0
17.10.1988 00:00	0	0	0	0	0	0	0
18.10.1988 00:00	0	0	0	0	0	0	0
19.10.1988 00:00	0	0	0	0	0	0	0
20.10.1988 00:00	0	0	0	0	0	0	0
21.10.1988 00:00	0	0	0	0	0	0	0
22.10.1988 00:00	0	0	0	0	0	0	0
23.10.1988 00:00	0	0	0	0	0	0	0
24.10.1988 00:00	0	0	0	0	0	0	0
25.10.1988 00:00	0	0	0	0	0	0	0
26.10.1988 00:00	0	0	0	0	0	0	0
27.10.1988 00:00	0	0	0	0	0	0	0
28.10.1988 00:00	0	0	0	0	0	0	0
29.10.1988 00:00	0	0	0	0	0	0	0
30.10.1988 00:00	0	0	0	0	0	0	0
31.10.1988 00:00	0	0	0	0	0	0	0
01.11.1988 00:00	0	0	0	0	0	0	0
02.11.1988 00:00	0	0	0	0	0	0	0
03.11.1988 00:00	0	0	0	0	0	0	0
04.11.1988 00:00	1.926430754	0.083277352	2.828123527	10.32451782	16.48349306	8.738403162	7.007301018
05.11.1988 00:00	2.019955909	0.091287605	2.474449253	4.337949799	15.61332659	4.955878568	0.003124716
06.11.1988 00:00	2.206909748	0.093829139	2.972055938	7.414878238	19.91008159	13.96780494	14.34030505
07.11.1988 00:00	0	0	0	0	0	0	0
08.11.1988 00:00	0	0	0	0	0	0	0
09.11.1988 00:00	0	0	0	0	0	0	0
10.11.1988 00:00	15.28467821	19.18071693	16.08858293	0	0	3.850811378	0
11.11.1988 00:00	0	0	0	0	0	0	0
12.11.1988 00:00	0	0	0	0	0	0	0
13.11.1988 00:00	0	0	0	0	0	0	0
14.11.1988 00:00	0	0	0	0	0	0	0
15.11.1988 00:00	0	0	0	0	0	0	0
16.11.1988 00:00	0	0	0	0	0	0	0
17.11.1988 00:00	0	0	0	0	0	0	0
18.11.1988 00:00	0	0	0	0	0	0	0
19.11.1988 00:00	0	0	0	0	0	0	0
20.11.1988 00:00	0	0	0	0	0	0	0
21.11.1988 00:00	0	0	0	0	0	0	0
22.11.1988 00:00	0	0	0	0	0	0	0
23.11.1988 00:00	0	0	0	0	0	0	0
24.11.1988 00:00	0	0	0	0	0	0	0
25.11.1988 00:00	0	0	0	0	0	0	0
26.11.1988 00:00	0	0	0	0	0	0	0
27.11.1988 00:00	0	0	0	0	0	0	0
28.11.1988 00:00	0	0	0	0	0	0	0
29.11.1988 00:00	0	0	0	0	0	0	0
30.11.1988 00:00	0	0	0	0	0	0	0
01.12.1988 00:00	0	0	0	0	0	0	0
02.12.1988 00:00	0	0	0	0	0	0	0
03.12.1988 00:00	0	0	0	0	0	0	0
04.12.1988 00:00	0	0	0	0	0	0	0
05.12.1988 00:00	0	0	0	0	0	0	0
06.12.1988 00:00	0	0	0	0	0	0	0
07.12.1988 00:00	0	0	0	0	0	0	0
08.12.1988 00:00	0	0	0	0	0	0	0
09.12.1988 00:00	0	0	0	0	0	0	0
10.12.1988 00:00	0	0	0	0	0	0	0
11.12.1988 00:00	0	0	0	0	0	0	0
12.12.1988 00:00	0	0	0	0	0	0	0
13.12.1988 00:00	0	0	0	0	0	0	0
14.12.1988 00:00	0	0	0	0	0	0	0
15.12.1988 00:00	0	0	0	0	0	0	0
16.12.1988 00:00	0	0	0	0	0	0	0
17.12.1988 00:00	0	0	0	0	0	0	0
18.12.1988 00:00	3.434602502	4.115434783	3.201835833	0	0	0.835049341	0
19.12.1988 00:00	0	0	0	0	0	0	0
20.12.1988 00:00	0	0	0	0	0	0	0
21.12.1988 00:00	0	0	0	0	0	0	0
22.12.1988 00:00	0	0	0	0	0	0	0
23.12.1988 00:00	0	0	0	0	0	0	0
24.12.1988 00:00	0	0	0	0	0	0	0
25.12.1988 00:00	0	0	0	0	0	0	0
26.12.1988 00:00	15.2052061	16.36037747	14.62848931	7.958341436	10.56760335	5.270298694	0.001432955
27.12.1988 00:00	26.76628123	27.36747203	26.20945539	27.17167078	12.23866434	28.00401985	39.5190831
28.12.1988 00:00	1.954491897	0.093780167	2.63341106	3.530348469	15.92507254	5.183256458	0.002773487
29.12.1988 00:00	0	0	0	0	0	0	0
30.12.1988 00:00	0	0	0	0	0	0	0
31.12.1988 00:00	0	0	0	0	0	0	0
01.01.1989 00:00	0	0	0	0	0	0	0
02.01.1989 00:00	5.034028746	5.996975264	4.97336643	0	0	1.116792044	0
03.01.1989 00:00	2.17765861	1.890366828	2.195268251	2.40243842	3.424198125	1.131431511	4.13E-04
04.01.1989 00:00	0.393812885	0.017164067	0.435963673	0.989276873	1.809172463	0.542698167	2.99E-04
05.01.1989 00:00	1.39484672	1.691582051	1.327724307	0	0	0.359495469	0
06.01.1989 00:00	0	0	0	0	0	0	0
07.01.1989 00:00	0	0	0	0	0	0	0
08.01.1989 00:00	17.04960318	18.41096363	17.51482561	15.59132007	11.41326016	4.86736654	0.002112302
09.01.1989 00:00	12.08755007	9.317223531	12.4026704	25.39506316	19.59534973	25.98788362	36.8136709
10.01.1989 00:00	0	0	0	0	0	0	0
11.01.1989 00:00	0	0	0	0	0	0	0
12.01.1989 00:00	0	0	0	0	0	0	0
13.01.1989 00:00	0	0	0	0	0	0	0
14.01.1989 00:00	0	0	0	0	0	0	0
15.01.1989 00:00	0	0	0	0	0	0	0
16.01.1989 00:00	0	0	0	0	0	0	0
17.01.1989 00:00	0	0	0	0	0	0	0
18.01.1989 00:00	0	0	0	0	0	0	0
19.01.1989 00:00	0	0	0	0	0	0	0
20.01.1989 00:00	0	0	0	0	0	0	0
21.01.1989 00:00	0	0	0	0	0	0	0
22.01.1989 00:00	0	0	0	0	0	0	0
23.01.1989 00:00	0	0	0	0	0	0	0
24.01.1989 00:00	0	0	0	0	0	0	0
25.01.1989 00:00	0	0	0	0	0	0	0
26.01.1989 00:00	0	0	0	0	0	0	0
27.01.1989 00:00	0	0	0	0	0	0	0
28.01.1989 00:00	0	0	0	0	0	0	0
29.01.1989 00:00	0	0	0	0	0	0	0
30.01.1989 00:00	0	0	0	0	0	0	0
31.01.1989 00:00	0	0	0	0	0	0	0
01.02.1989 00:00	0	0	0	0	0	0	0
02.02.1989 00:00	0	0	0	0	0	0	0
03.02.1989 00:00	0	0	0	0	0	0	0
04.02.1989 00:00	0	0	0	0	0	0	0
05.02.1989 00:00	0	0	0	0	0	0	0
06.02.1989 00:00	0	0	0	0	0	0	0
07.02.1989 00:00	0	0	0	0	0	0	0
08.02.1989 00:00	0	0	0	0	0	0	0
09.02.1989 00:00	0	0	0	0	0	0	0
10.02.1989 00:00	0	0	0	0	0	0	0
11.02.1989 00:00	0	0	0	0	0	0	0
12.02.1989 00:00	0	0	0	0	0	0	0
13.02.1989 00:00	0	0	0	0	0	0	0
14.02.1989 00:00	0	0	0	0	0	0	0
15.02.1989 00:00	0	0	0	0	0	0	0
16.02.1989 00:00	0	0	0	0	0	0	0
17.02.1989 00:00	0	0	0	0	0	0	0
18.02.1989 00:00	0	0	0	0	0	0	0
19.02.1989 00:00	9.14350173	6.924846344	9.939555973	15.82419455	18.20243918	15.66668093	17.17047308
20.02.1989 00:00	6.492302945	7.456860729	6.469729535	4.122572001	1.19684367	13.23287904	21.67394589
21.02.1989 00:00	0.530268988	0.752088525	0.473078604	0	0	0.11525426	0
22.02.1989 00:00	4.453318641	5.133532911	4.210137501	1.287058051	2.105572053	1.447850694	6.00E-04
23.02.1989 00:00	5.034028746	7.0336288	4.506714331	0	0	1.265828195	0
24.02.1989 00:00	0	0	0	0	0	0	0
25.02.1989 00:00	0	0	0	0	0	0	0
26.02.1989 00:00	0	0	0	0	0	0	0
27.02.1989 00:00	0	0	0	0	0	0	0
28.02.1989 00:00	0	0	0	0	0	0	0
01.03.1989 00:00	0	0	0	0	0	0	0
02.03.1989 00:00	0	0	0	0	0	0	0
03.03.1989 00:00	0	0	0	0	0	0	0
04.03.1989 00:00	0	0	0	0	0	0	0
05.03.1989 00:00	0	0	0	0	0	0	0
06.03.1989 00:00	0	0	0	0	0	0	0
07.03.1989 00:00	0	0	0	0	0	0	0
08.03.1989 00:00	0	0	0	0	0	0	0
09.03.1989 00:00	0	0	0	0	0	0	0
10.03.1989 00:00	0	0	0	0	0	0	0
11.03.1989 00:00	11.37819493	13.79880326	11.26225661	0	0	2.841212139	0
12.03.1989 00:00	1.80840506	0.073691657	1.925517262	7.688246018	7.596676185	8.705544674	13.5532071
13.03.1989 00:00	0	0	0	0	0	0	0
14.03.1989 00:00	0	0	0	0	0	0	0
15.03.1989 00:00	4.236283972	5.798968173	4.35192031	0	0	1.041131846	0
16.03.1989 00:00	0	0	0	0	0	0	0
17.03.1989 00:00	7.458619217	10.24925007	8.033785144	0	0	1.939137044	0
18.03.1989 00:00	0	0	0	0	0	0	0
19.03.1989 00:00	19.4298975	14.46112309	18.16098095	37.36855891	31.66097837	32.41931976	38.32691387
20.03.1989 00:00	1.036765708	0.042699944	1.14015768	4.914116991	4.696524942	3.342601977	3.571586369
21.03.1989 00:00	3.94259872	4.424515138	3.813917367	1.736443384	4.364768124	2.081412246	9.01E-04
22.03.1989 00:00	2.717371064	2.671664852	3.101836313	1.188755955	5.058492546	2.092569096	9.97E-04
23.03.1989 00:00	0.932088965	0.038826257	1.181681648	1.860325549	7.933700157	2.067424375	0.001324933
24.03.1989 00:00	0.850952035	0.036192066	1.040569853	1.601455671	6.962051606	2.238230802	0.001098975
25.03.1989 00:00	0	0	0	0	0	0	0
26.03.1989 00:00	0	0	0	0	0	0	0
27.03.1989 00:00	3.434602502	4.302562904	3.383737815	0	0	0.756167622	0
28.03.1989 00:00	0.97161059	1.370848296	1.045181723	0	0	0.240511392	0
29.03.1989 00:00	12.92896407	15.07130862	13.23792325	2.184166541	2.229499055	7.365293278	6.199772445
30.03.1989 00:00	2.283611185	0.081161405	2.033124406	11.24437071	3.595676691	0	0.001006051
31.03.1989 00:00	0	0	0	0.436599348	0.10737385	0	1.33E-04
01.04.1989 00:00	0	0	0	0	0	0	0
02.04.1989 00:00	0.176778216	0.006536809	0.142209075	0.624925459	0.217315707	0	0
03.04.1989 00:00	0	0	0	0	0	0	0
04.04.1989 00:00	0	0	0	0	0	0	0
05.04.1989 00:00	0	0	0	0	0	0	0
06.04.1989 00:00	0	0	0	0	0	0	0
07.04.1989 00:00	0	0	0	0	0	0	0
08.04.1989 00:00	0	0	0	0	0	0	0
09.04.1989 00:00	0	0	0	0	0	0	0
10.04.1989 00:00	0	0	0	0	0	0	0
11.04.1989 00:00	1.059604218	0.043592236	1.145833301	6.634418701	6.098040721	7.491614791	9.595118484
12.04.1989 00:00	0	0	0	0	0	0	0
13.04.1989 00:00	0	0	0	0	0	0	0
14.04.1989 00:00	0	0	0	0	0	0	0
15.04.1989 00:00	0	0	0	0	0	0	0
16.04.1989 00:00	0	0	0	0	0	0	0
17.04.1989 00:00	0	0	0	0	0	0	0
18.04.1989 00:00	0	0	0	0	0	0	0
19.04.1989 00:00	0	0	0	0	0	0	0
20.04.1989 00:00	0	0	0	0	0	0	0
21.04.1989 00:00	0	0	0	0	0	0	0
22.04.1989 00:00	0	0	0	0	0	0	0
23.04.1989 00:00	0	0	0	0	0	0	0
24.04.1989 00:00	0.329298844	0.010658209	0.275045837	1.241154187	0.362168433	0	0
25.04.1989 00:00	0.176778216	0.005702926	0.150586824	1.381779628	0.40998116	0	2.51E-04
26.04.1989 00:00	0	0	0	0	0	0	0
27.04.1989 00:00	0.207825631	0.00714658	0.192093764	0.727665724	0.259874513	0	0
28.04.1989 00:00	0.359239038	0.011326345	0.282899414	1.220185471	0.375542052	0	0
29.04.1989 00:00	1.977160106	2.145707561	2.051190559	0.330329921	1.467519049	0.878644553	2.61E-04
30.04.1989 00:00	0.374164448	0.013507345	0.301391401	1.215850641	0.46660046	0	0
01.05.1989 00:00	0.562602987	0.022735108	0.528990027	1.7410804	1.736441819	0.396045384	2.05E-04
02.05.1989 00:00	0.125261739	0.006024898	0.177438058	0.22888596	1.029693359	0.276467297	1.80E-04
03.05.1989 00:00	0	0	0	0	0	0	0
04.05.1989 00:00	0	0	0	0	0	0	0
05.05.1989 00:00	0	0	0	0	0	0	0
06.05.1989 00:00	0	0	0	0	0	0	0
07.05.1989 00:00	0	0	0	0	0	0	0
08.05.1989 00:00	0	0	0	0	0	0	0
09.05.1989 00:00	0	0	0	0	0	0	0
10.05.1989 00:00	0	0	0	0	0	0	0
11.05.1989 00:00	0	0	0	0	0	0	0
12.05.1989 00:00	2.035507239	0.078220426	2.018494833	5.744536079	9.318034628	2.018794087	0.001265194
13.05.1989 00:00	1.3808058	0.051231657	1.097361653	7.174585371	1.95633991	8.692097797	15.59516774
14.05.1989 00:00	2.274279672	0.094683155	2.404181614	8.308181595	11.41517552	8.987960132	10.44173239
15.05.1989 00:00	0.472905802	0.01921082	0.612192942	1.076369584	3.655232329	1.100365112	8.09E-04
16.05.1989 00:00	0.525633028	0.019719643	0.443944908	3.158346517	0.977565293	0	3.83E-04
17.05.1989 00:00	0	0	0	0.806800849	0.212078904	0	2.71E-04
18.05.1989 00:00	0.936697923	0.033237159	0.74890792	3.418421623	1.009329245	0	0
19.05.1989 00:00	1.745220626	0.071269346	1.694455792	5.21084861	6.912445458	21.88950998	34.20039664
20.05.1989 00:00	1.938098394	0.082244821	2.071380277	5.373708778	8.149250718	13.41143806	17.64819918
21.05.1989 00:00	1.466711716	0.062746683	1.880544422	6.610957794	9.104755969	7.362555486	8.120869364
22.05.1989 00:00	1.751401332	0.068373827	1.662238832	6.537893398	3.918360608	5.166589365	6.690963468
23.05.1989 00:00	4.090937886	0.168359518	4.415806377	16.33076325	15.29253565	22.46567182	37.32507023
24.05.1989 00:00	3.496256567	0.126871307	3.696238758	15.32638486	18.86912035	26.94247812	34.9874703
25.05.1989 00:00	1.538173363	0.0655521	1.86761702	7.749084888	9.163831911	6.847274519	7.341590669
26.05.1989 00:00	9.915059736	0.398018049	10.87293083	35.01284534	40.66140714	30.76206624	33.00769075
27.05.1989 00:00	6.479486327	0.271099198	7.38707231	33.19614094	31.03021215	27.16296951	33.73130831
28.05.1989 00:00	4.698307033	0.181705052	5.438924701	19.04936567	19.37699058	15.0784245	14.90728887
29.05.1989 00:00	5.181768009	2.568915254	4.967810152	14.90477159	14.6836213	14.77830218	21.81372431
30.05.1989 00:00	0	0	0	0	0	0	0
31.05.1989 00:00	2.590959087	0.112077906	3.099081042	5.380910535	20.06389273	5.394181381	0.003227239
01.06.1989 00:00	0.125261739	0.005087702	0.174455307	0.270117414	1.062759361	0.324299359	1.62E-04
02.06.1989 00:00	0.326817897	0.013369018	0.436707503	0.673919196	2.674716836	12.86403913	20.94706383
03.06.1989 00:00	0	0	0	1.083551679	0.293653091	0	3.48E-04
04.06.1989 00:00	6.180123565	0.268557968	6.805677806	22.64566385	38.76970125	12.80102575	5.222584424
05.06.1989 00:00	2.077059285	1.363553786	2.652532654	4.422841215	8.325994052	2.679526781	0.002286833
06.06.1989 00:00	9.589647136	10.72180208	8.854320314	10.67375193	4.885757354	30.48411825	45.54878412
07.06.1989 00:00	4.346344383	5.750520527	4.29614891	0.852743815	0.224751336	5.197803951	6.419120866
08.06.1989 00:00	0.587268697	0.780371918	0.613971238	3.307164397	0.92408167	0.147867865	9.43E-04
09.06.1989 00:00	2.725401036	3.704539887	2.46718672	1.401689748	0.435035842	5.42459257	7.509383987
10.06.1989 00:00	0.227700607	0.00960596	0.299431431	0.952423232	2.029862512	15.53163324	25.12204841
11.06.1989 00:00	10.21921503	10.72571238	10.41008169	18.41001626	8.177550296	2.918569113	0.004480831
12.06.1989 00:00	0	0	0	9.330446179	2.700998289	2.791883252	4.860611964
13.06.1989 00:00	6.17440923	7.9096467	6.621966822	2.341362505	2.566778179	15.5051236	22.79327794
14.06.1989 00:00	25.11759023	31.51627944	26.75212209	5.259237099	20.94218129	25.39482464	24.00602447
15.06.1989 00:00	28.77810068	29.59070567	27.35944773	23.29733692	23.85493951	29.37193115	33.27334339
16.06.1989 00:00	11.88585753	12.30560665	11.94664882	6.019765855	15.57438681	6.298921275	0.002366242
17.06.1989 00:00	1.809056049	0.056280821	1.617360411	29.64946669	7.654672112	0	0.007140692
18.06.1989 00:00	13.62182872	10.43287159	14.74377769	16.98543312	22.94743316	19.00276378	21.4482494
19.06.1989 00:00	9.11243489	10.58790541	8.937552986	1.915674334	0.557588505	6.70856842	8.753602672
20.06.1989 00:00	20.64979851	15.91245371	19.30437721	25.03693633	29.03297166	15.21480379	10.44556758
21.06.1989 00:00	15.4152607	20.75357007	14.720689	0	0	10.84317024	9.822797152
22.06.1989 00:00	16.39943083	20.35093139	15.88374851	2.956118355	1.828775562	8.794902392	7.863553648
23.06.1989 00:00	7.982004302	11.24680203	7.291068208	12.53113149	3.800527505	4.674772604	5.222203272
24.06.1989 00:00	5.946708623	7.170853394	6.24023594	0	0	7.730124207	10.78410361
25.06.1989 00:00	34.35790369	38.27040199	33.99190955	5.350244285	5.983704092	11.96667381	4.369632566
26.06.1989 00:00	36.41423305	46.99404671	38.14235518	0	0	8.097905697	0
27.06.1989 00:00	37.7325324	38.32606351	39.95957993	15.88725664	26.60879041	37.01646413	45.09068513
28.06.1989 00:00	15.59158094	15.80103358	16.54924059	23.02392032	21.63256385	16.60864623	14.90553907
29.06.1989 00:00	13.69213831	12.63031379	14.39590012	20.00476467	18.8493687	13.88991919	14.88060841
30.06.1989 00:00	19.8328833	21.85602512	21.27485118	15.69730944	17.50829688	20.47596041	21.8218781
01.07.1989 00:00	33.96957574	35.92804253	31.12886173	22.32827849	16.21648151	28.73459224	31.98272485
02.07.1989 00:00	35.12432468	39.36241583	35.50213128	39.10820967	36.41710803	56.43084432	69.96766256
03.07.1989 00:00	8.771446972	6.03077794	8.596393419	16.27696319	22.56345245	23.31113685	32.05878563
04.07.1989 00:00	8.02961219	7.287091245	8.316479587	11.74257422	12.42258601	29.09809178	37.58799809
05.07.1989 00:00	45.41564439	47.98450081	45.36822586	20.10610393	18.02783599	60.32827769	76.2571306
06.07.1989 00:00	27.38956316	17.82632985	27.76001208	60.19897252	70.12777859	49.45117143	50.44881896
07.07.1989 00:00	37.15049277	37.85405257	35.91124144	19.93774054	16.5263393	21.8454293	16.69514923
08.07.1989 00:00	13.31311521	10.53221174	14.00736905	17.57573162	17.5876719	24.32511063	26.02908926
09.07.1989 00:00	5.335618415	6.448251038	5.722310171	1.578621105	1.850441753	21.7399718	36.53748615
10.07.1989 00:00	9.4468416	8.97720385	9.226200701	12.65178077	3.800343265	12.64461483	19.72036673
11.07.1989 00:00	14.46193116	14.12987982	13.79993169	15.98043949	15.26866981	23.3692745	32.15192149
12.07.1989 00:00	14.89907322	14.3389307	14.72607447	16.97548561	27.87207181	28.28931617	29.38516581
13.07.1989 00:00	20.6626944	21.21649261	20.42515297	26.82076679	24.11485367	13.37068236	8.737706506
14.07.1989 00:00	43.6005352	42.92182189	43.85126915	46.91759095	51.44271964	29.3568719	13.25562524
15.07.1989 00:00	23.8615583	24.64102921	26.20409465	20.00039774	27.79598695	31.1132273	32.69484381
16.07.1989 00:00	14.11175324	14.07638234	13.70953024	20.85410005	11.20727594	8.522992926	5.789643967
17.07.1989 00:00	15.25946024	18.15545842	16.7105694	10.47289584	10.55057718	30.66763251	43.24372189
18.07.1989 00:00	11.66588304	13.51231273	12.00404815	6.736172658	5.469886205	12.1952266	15.84467856
19.07.1989 00:00	24.8026104	28.07013369	23.22093441	5.515183873	9.903595663	14.79835922	12.25896023
20.07.1989 00:00	16.1954811	22.80337988	15.64854563	9.653946707	2.595678173	15.68909928	19.56053354
21.07.1989 00:00	15.85237429	15.12822598	14.86583532	17.91308171	9.130229368	9.302122634	10.75985828
22.07.1989 00:00	12.69657891	10.53378793	14.28292774	12.32490691	29.70448755	9.143785629	0.004151391
23.07.1989 00:00	26.73653081	26.77862697	26.04052829	20.06004109	32.39747357	14.38601245	3.284565467
24.07.1989 00:00	0.488952504	0.611335803	0.447399317	0	0	3.596079079	6.356895555
25.07.1989 00:00	7.638954294	9.090350915	7.788867544	0.169217447	0.052714336	1.965373547	0
26.07.1989 00:00	16.97540642	23.17166067	15.78802199	0	0	4.10626372	0
27.07.1989 00:00	3.57472777	1.307269148	3.8877429	12.08145428	14.78572181	8.495499981	7.468635208
28.07.1989 00:00	17.0875554	19.32496424	16.55181309	16.01660158	9.916634782	35.63442928	51.11160184
29.07.1989 00:00	7.099170381	6.474264703	6.336129027	10.66748234	7.171484534	22.16331496	34.98013948
30.07.1989 00:00	11.24887007	10.02812341	10.93399652	24.30980391	18.98429708	35.12776498	46.97367188
31.07.1989 00:00	10.93718566	10.85860587	11.73148191	13.18304305	12.38597278	23.21809545	34.19933663
01.08.1989 00:00	15.67780467	11.34640288	17.32889282	29.07957819	27.83595802	20.21840637	16.72279073
02.08.1989 00:00	13.86456025	15.66191361	15.02233726	4.956861017	7.433862295	15.56659588	17.06975837
03.08.1989 00:00	2.363962291	2.794720491	2.509313846	0.176475423	0.05872694	0.599660899	0
04.08.1989 00:00	10.72493786	9.745803249	9.97533137	13.93080296	18.7025179	18.48835898	24.94357682
05.08.1989 00:00	21.60598631	24.96948879	22.76778935	18.42239393	9.525307638	14.40450498	14.35642759
06.08.1989 00:00	24.61701519	25.64584321	24.44485782	17.6211594	27.09979124	27.63596594	24.80475552
07.08.1989 00:00	13.13730599	9.854255406	12.65901182	18.11692926	26.82949351	15.99890927	11.7752281
08.08.1989 00:00	11.27708901	6.41405512	11.41152121	35.32041128	29.49289265	29.34065966	35.8067466
09.08.1989 00:00	33.96333761	35.12156019	34.14113541	19.96685394	19.33153326	37.81890591	45.65420185
10.08.1989 00:00	10.06393765	7.238614756	9.315752572	21.11071239	19.49991728	17.46129113	16.00526824
11.08.1989 00:00	23.97504211	15.78330212	26.12250335	50.19746815	57.7615396	31.90607597	24.7129596
12.08.1989 00:00	9.437682144	7.42757218	8.890194834	20.51391181	16.30751708	14.49125079	16.07270508
13.08.1989 00:00	18.01340439	23.00706052	18.17967182	6.695656	8.229759854	10.13436939	7.728634057
14.08.1989 00:00	23.8891864	29.01326279	22.7726371	5.645452101	11.64684004	8.081494031	0.002635335
15.08.1989 00:00	17.75505744	23.02924759	16.84449279	0	0	4.542844473	0
16.08.1989 00:00	8.33662645	9.508733232	7.994473888	9.421181924	11.71023101	8.650066321	7.376386014
17.08.1989 00:00	22.5352696	16.51872317	23.33198343	40.93839432	36.42715489	25.782628	26.27805114
18.08.1989 00:00	15.31297666	14.90867932	16.10951811	14.23699048	14.32983872	17.14051991	18.43598346
19.08.1989 00:00	23.0860606	25.2819827	23.92067989	11.46891521	7.223473931	16.68212387	16.28574429
20.08.1989 00:00	44.00465452	47.2692826	44.16232552	17.4115172	23.99749035	22.41706101	10.21170584
21.08.1989 00:00	22.71734533	22.43069723	21.60103016	26.85121549	19.06143746	14.64941074	12.99373725
22.08.1989 00:00	20.61971975	19.85780485	20.25866654	17.29717252	28.92818515	11.20887343	0.007111758
23.08.1989 00:00	34.84108867	44.31231343	32.69680578	8.478482814	8.527337228	10.10475566	0.001488504
24.08.1989 00:00	7.007829628	8.004215429	6.607155579	6.264979589	5.533259752	16.42917051	26.38285104
25.08.1989 00:00	8.524536176	9.008781293	8.302404478	8.345502323	12.66829541	4.763227633	0.00324195
26.08.1989 00:00	8.255882512	9.055836381	9.101206974	6.712820959	7.595880169	3.424816379	0.002058337
27.08.1989 00:00	11.24967448	9.657552248	11.58952904	13.88066663	15.48666647	10.751579	8.90395853
28.08.1989 00:00	28.28965772	36.54725751	29.06538343	1.159427541	2.060633954	17.73719923	16.84886915
29.08.1989 00:00	31.37043001	33.45304619	28.35096582	27.00204921	16.36732829	8.101870594	0.002533932
30.08.1989 00:00	17.61308472	19.98718724	17.55042892	8.643713695	12.96985136	16.58025772	19.14957087
31.08.1989 00:00	6.742435569	8.166765056	6.69545885	0	0	13.17496242	22.18209394
01.09.1989 00:00	30.10329235	39.44194513	30.50878105	6.311617301	7.26999959	11.12039867	4.491902788
02.09.1989 00:00	14.27828079	19.63947379	13.91296096	1.8547829	3.703174509	9.815193339	7.184633351
03.09.1989 00:00	2.394710723	2.702548332	2.349367362	1.954342127	0.625445288	0.439699761	6.97E-05
04.09.1989 00:00	3.116691281	4.040204043	3.212438168	0.86035496	2.172463016	11.55698145	16.55492229
05.09.1989 00:00	35.05728793	46.80690556	36.32002648	6.083848551	5.376165177	50.70774906	70.12539729
06.09.1989 00:00	6.778003368	3.702973261	6.853686745	21.03312659	21.86616837	5.605904946	0.006459337
07.09.1989 00:00	4.185426452	5.243162084	3.906660131	1.985115956	0.470774977	1.045030525	6.00E-04
08.09.1989 00:00	17.58138397	20.04101661	16.58017987	12.51833652	3.503568105	14.40488322	17.13612283
09.09.1989 00:00	1.805431428	1.382271038	1.850081322	3.770027614	6.762641692	2.102610456	0.001926984
10.09.1989 00:00	2.996725186	2.433774712	2.90285524	3.177348132	4.573953077	19.94751802	30.78358898
11.09.1989 00:00	16.70732186	13.05316396	17.16436858	29.64577243	14.201568	8.870014752	7.641605275
12.09.1989 00:00	3.89568174	0.161636916	3.836032444	17.2572731	17.0079683	41.0587046	51.25557218
13.09.1989 00:00	4.992036248	4.871916932	4.911666087	6.296961481	7.930939821	2.517225618	0.00203433
14.09.1989 00:00	24.36579498	28.21867497	22.09904215	14.74913999	13.81001319	7.466143381	0.003780261
15.09.1989 00:00	6.963771752	7.945354307	7.471955495	2.975342181	4.473189285	7.477071773	8.761031116
16.09.1989 00:00	3.859801316	3.723811618	3.982744021	3.624403172	3.648752046	1.431036239	7.50E-04
17.09.1989 00:00	24.3297312	30.81046038	25.57403646	2.458701418	0.747344672	5.655942275	3.92E-04
18.09.1989 00:00	24.48011827	28.69026484	23.91713297	2.15824414	0.668490758	11.58397248	10.37799337
19.09.1989 00:00	33.70448379	40.08347318	30.41251141	8.321172025	6.102477983	33.06032468	36.87539307
20.09.1989 00:00	8.185178089	4.934443231	9.429713998	17.63326451	22.55617015	44.63840028	68.43812382
21.09.1989 00:00	17.84836287	10.48224987	17.67932083	39.15660089	27.59607943	34.6519517	39.24241024
22.09.1989 00:00	27.16078905	16.05728437	28.9428632	64.0824459	77.35519262	24.49960284	5.037377365
23.09.1989 00:00	12.22767915	13.79728911	12.29122997	5.742263455	5.962095807	21.93380757	29.97983172
24.09.1989 00:00	15.07934866	16.45110888	13.98934058	10.82867731	15.43157941	29.08003647	37.4318279
25.09.1989 00:00	11.46900151	12.48659273	11.02805204	7.75527503	9.016197965	11.64665837	10.08163064
26.09.1989 00:00	15.08621965	16.25681026	13.62201445	10.47174734	9.912001386	27.72248325	34.72547947
27.09.1989 00:00	5.93634157	2.499505656	5.300089559	14.30308838	8.833772141	7.023359977	7.976258237
28.09.1989 00:00	6.275307104	2.535325376	6.009893624	19.07435114	12.10026548	12.44544088	17.54129125
29.09.1989 00:00	13.16646827	15.45438016	12.60312332	17.35547809	21.42784919	16.65912521	16.71911137
30.09.1989 00:00	5.396699278	0.206062035	5.590678204	16.53827409	29.51979422	25.62102566	30.33159269
01.10.1989 00:00	4.646789776	0.14674475	4.038615348	16.71157983	4.845549733	0	0
02.10.1989 00:00	20.09253937	25.4508448	18.60038177	0	0	4.559651699	0
03.10.1989 00:00	0	0	0	0	0	4.657580486	8.472081989
04.10.1989 00:00	0	0	0	0	0	0	0
05.10.1989 00:00	0	0	0	0	0	0	0
06.10.1989 00:00	0	0	0	0	0	0	0
07.10.1989 00:00	0	0	0	0	0	0	0
08.10.1989 00:00	0.884672119	0.042283768	1.301148915	1.799223899	6.671227134	44.41649064	68.14508731
09.10.1989 00:00	1.898841764	2.692870551	1.753368136	0	0	0.4546321	0
10.10.1989 00:00	6.344868727	7.476585161	6.559954524	0	0	1.638043899	0
11.10.1989 00:00	8.393621283	8.475379636	7.800062598	7.701981648	5.599728104	9.954377124	12.19411105
12.10.1989 00:00	6.856771732	7.123582815	6.799955815	4.172615866	8.777412318	9.452975768	9.039003242
13.10.1989 00:00	1.601158984	0.058594298	1.996667901	5.590812915	8.335931539	2.402932119	0.001966118
14.10.1989 00:00	0.424443496	0.018660592	0.605196235	1.657131264	3.579872585	1.035756113	8.46E-04
15.10.1989 00:00	0	0	0	0	0	0	0
16.10.1989 00:00	0	0	0	0	0	0	0
17.10.1989 00:00	0	0	0	0	0	0	0
18.10.1989 00:00	0	0	0	0	0	0	0
19.10.1989 00:00	0	0	0	0	0	2.191939798	4.100947587
20.10.1989 00:00	9.942955961	12.66081739	10.41155917	0	0	2.453691907	0
21.10.1989 00:00	0	0	0	0	0	0	0
22.10.1989 00:00	0	0	0	0	0	0	0
23.10.1989 00:00	0.421055377	0.014521258	0.344531953	1.432030932	0.528154522	0	0
24.10.1989 00:00	0	0	0	0	0	0	0
25.10.1989 00:00	3.80807814	0.165285221	5.172813435	9.160384057	28.24966069	9.764896816	0.005384436
26.10.1989 00:00	10.9538484	12.70859535	9.978384683	0.468337292	1.698919263	3.284022142	3.05E-04
27.10.1989 00:00	1.298980369	0.044298832	1.146600209	4.883044603	1.468740069	0	0
28.10.1989 00:00	0	0	0	0	0	0	0
29.10.1989 00:00	0	0	0	0.421779844	0.112406575	0	1.30E-04
30.10.1989 00:00	1.666444078	0.061726637	1.282017456	6.832226273	2.157274107	0	2.34E-04
31.10.1989 00:00	0	0	0	0	0	0	0
01.11.1989 00:00	0.226911535	0.010758534	0.289064412	0.460972348	1.873012511	0.578655404	3.06E-04
02.11.1989 00:00	0	0	0	0	0	0.450727735	0.678655372
03.11.1989 00:00	0	0	0	0	0	0	0
04.11.1989 00:00	0	0	0	0	0	0	0
05.11.1989 00:00	0	0	0	0	0	0	0
06.11.1989 00:00	0	0	0	0	0	0	0
07.11.1989 00:00	0	0	0	0	0	0	0
08.11.1989 00:00	0	0	0	0	0	0	0
09.11.1989 00:00	0	0	0	0	0	0	0
10.11.1989 00:00	0	0	0	0	0	0	0
11.11.1989 00:00	0	0	0	0	0	0	0
12.11.1989 00:00	0	0	0	0	0	0.712118918	1.212033134
13.11.1989 00:00	0	0	0	0	0	0	0
14.11.1989 00:00	0	0	0	0	0	0	0
15.11.1989 00:00	0	0	0	0	0	0	0
16.11.1989 00:00	0	0	0	0	0	0	0
17.11.1989 00:00	0	0	0	0	0	0	0
18.11.1989 00:00	0	0	0	0	0	0	0
19.11.1989 00:00	0	0	0	0	0	0	0
20.11.1989 00:00	0	0	0	0	0	0	0
21.11.1989 00:00	0	0	0	0	0	0	0
22.11.1989 00:00	0.411862163	0.020100849	0.598322351	2.368713292	3.482878205	6.295768251	8.1892385
23.11.1989 00:00	0	0	0	0	0	0	0
24.11.1989 00:00	0	0	0	0	0	0	0
25.11.1989 00:00	0	0	0	0	0	0	0
26.11.1989 00:00	0.116511194	0.004885987	0.150337949	0.684322592	1.109095137	1.890690513	2.766544558
27.11.1989 00:00	0	0	0	0	0	0	0
28.11.1989 00:00	0	0	0	0	0	0	0
29.11.1989 00:00	0	0	0	0	0	0	0
30.11.1989 00:00	0	0	0	0	0	0	0
01.12.1989 00:00	1.142253775	1.340285791	1.156651409	0	0	0.284601628	0
02.12.1989 00:00	0	0	0	0	0	0	0
03.12.1989 00:00	1.809896329	2.5014595	1.959073178	0	0	0.433610633	0
04.12.1989 00:00	0	0	0	0	0	0	0
05.12.1989 00:00	0	0	0	0	0	0	0
06.12.1989 00:00	0	0	0	0	0	0	0
07.12.1989 00:00	0	0	0	0	0	0	0
08.12.1989 00:00	0	0	0	0	0	0	0
09.12.1989 00:00	0	0	0	0	0	0	0
10.12.1989 00:00	0	0	0	0	0	0	0
11.12.1989 00:00	0	0	0	0	0	0	0
12.12.1989 00:00	0	0	0	0	0	0	0
13.12.1989 00:00	0.253783272	0.008697137	0.195315488	0.923130614	0.278445956	0	0
14.12.1989 00:00	0	0	0	0.445881909	0.102569804	0	1.22E-04
15.12.1989 00:00	0	0	0	0	0	0	0
16.12.1989 00:00	0	0	0	0	0	0	0
17.12.1989 00:00	0	0	0	0	0	0	0
18.12.1989 00:00	0	0	0	0	0	0	0
19.12.1989 00:00	0	0	0	0	0	0	0
20.12.1989 00:00	0	0	0	0	0	4.678765105	8.207750859
21.12.1989 00:00	0	0	0	0	0	0	0
22.12.1989 00:00	0	0	0	0	0	0	0
23.12.1989 00:00	0	0	0	0	0	0	0
24.12.1989 00:00	0	0	0	0	0	0	0
25.12.1989 00:00	0.253783272	0.008805739	0.234852663	0.907927928	0.311574435	0	0
26.12.1989 00:00	1.809896329	2.181639363	1.78025348	0	0	0.414467839	0
27.12.1989 00:00	0	0	0	0	0	0	0
28.12.1989 00:00	0	0	0	0	0	0	0
29.12.1989 00:00	0	0	0	0	0	0	0
30.12.1989 00:00	0	0	0	0	0	0	0
31.12.1989 00:00	0	0	0	0	0	0	0
01.01.1990 00:00	0	0	0	0	0	0	0
02.01.1990 00:00	0	0	0	0	0	0	0
03.01.1990 00:00	0	0	0	0	0	0	0
04.01.1990 00:00	0	0	0	0	0	0	0
05.01.1990 00:00	0	0	0	0	0	0	0
06.01.1990 00:00	0	0	0	0	0	0	0
07.01.1990 00:00	0	0	0	0	0	0	0
08.01.1990 00:00	0	0	0	0	0	0	0
09.01.1990 00:00	0	0	0	0	0	0	0
10.01.1990 00:00	0	0	0	0	0	0	0
11.01.1990 00:00	0	0	0	0	0	0	0
12.01.1990 00:00	0	0	0	0	0	0	0
13.01.1990 00:00	0	0	0	0	0	0	0
14.01.1990 00:00	0	0	0	0	0	0	0
15.01.1990 00:00	0	0	0	0	0	0	0
16.01.1990 00:00	0	0	0	0	0	0	0
17.01.1990 00:00	0	0	0	0	0	0	0
18.01.1990 00:00	0	0	0	0	0	0	0
19.01.1990 00:00	0	0	0	0	0	0	0
20.01.1990 00:00	0	0	0	0	0	0	0
21.01.1990 00:00	0	0	0	0	0	0	0
22.01.1990 00:00	0	0	0	0	0	0	0
23.01.1990 00:00	0	0	0	0	0	0	0
24.01.1990 00:00	0	0	0	0	0	0	0
25.01.1990 00:00	0	0	0	0	0	0	0
26.01.1990 00:00	0	0	0	0	0	0	0
27.01.1990 00:00	0	0	0	0	0	0	0
28.01.1990 00:00	0	0	0	0	0	0	0
29.01.1990 00:00	0	0	0	0	0	0	0
30.01.1990 00:00	0	0	0	0	0	0	0
31.01.1990 00:00	0	0	0	0	0	0	0
01.02.1990 00:00	0	0	0	0	0	0	0
02.02.1990 00:00	0	0	0	0	0	0	0
03.02.1990 00:00	0	0	0	0	0	0	0
04.02.1990 00:00	0	0	0	0	0	0	0
05.02.1990 00:00	0	0	0	0	0	0	0
06.02.1990 00:00	0	0	0	0	0	0	0
07.02.1990 00:00	0	0	0	0	0	0	0
08.02.1990 00:00	0	0	0	0	0	0	0
09.02.1990 00:00	0.97161059	1.185017095	0.976513849	0	0	0.232529878	0
10.02.1990 00:00	0	0	0	0	0	0	0
11.02.1990 00:00	6.795692944	7.013843255	7.437601941	5.452329763	5.469403561	12.99388156	15.77530214
12.02.1990 00:00	1.142253775	1.335002863	1.203400652	0	0	0.258320265	0
13.02.1990 00:00	0	0	0	0	0	0	0
14.02.1990 00:00	12.61684439	12.19071606	12.26510452	11.21150023	9.056814559	13.46515182	18.32981844
15.02.1990 00:00	0.445810038	0.017466771	0.429701203	1.51928835	1.430138569	3.97299995	6.319951422
16.02.1990 00:00	0	0	0	0	0	0	0
17.02.1990 00:00	0	0	0	0	0	0	0
18.02.1990 00:00	5.272755105	6.716874173	5.440252164	0	0	1.333251182	0
19.02.1990 00:00	1.182626428	0.045549407	1.310612878	6.713123083	4.852599005	4.652514096	6.174107674
20.02.1990 00:00	0.49180974	0.018164821	0.527396478	2.446834447	3.158142178	8.557125183	14.29030033
21.02.1990 00:00	4.352795166	4.935120638	4.242088299	0.34186388	1.063928812	1.356381444	1.88E-04
22.02.1990 00:00	3.840181913	2.571578539	3.659779692	11.83610723	10.82473538	2.560728212	0.002929842
23.02.1990 00:00	6.361799638	6.903920372	6.498839528	4.044110799	4.381109113	7.548625922	7.668975927
24.02.1990 00:00	4.171626315	4.896917096	4.587852252	4.661591345	6.408458306	11.76050864	16.76239414
25.02.1990 00:00	0.97161059	1.300188612	0.902866259	0	0	0.235251178	0
26.02.1990 00:00	14.50413922	20.40685625	14.26454913	1.919860788	0.470322232	3.147956472	5.87E-04
27.02.1990 00:00	5.251063415	6.747589295	5.13133208	0.388784515	1.890511713	1.814749793	2.89E-04
28.02.1990 00:00	5.599037339	6.52553259	5.153608659	1.157688422	1.487440343	1.644586606	5.17E-04
01.03.1990 00:00	0	0	0	0	0	0	0
02.03.1990 00:00	0.329298844	0.011577881	0.303937613	1.063027625	0.387302626	0	0
03.03.1990 00:00	0	0	0	0	0	0	0
04.03.1990 00:00	0	0	0	0	0	0	0
05.03.1990 00:00	0	0	0	0	0	0	0
06.03.1990 00:00	0	0	0	0	0	0	0
07.03.1990 00:00	6.082677827	7.834342405	6.500994667	0.826137138	0.272290763	1.301923049	0
08.03.1990 00:00	0.329298844	0.011333506	0.29231605	1.180009213	0.389348198	0	0
09.03.1990 00:00	0.176778216	0.006319301	0.141213512	0.58093966	0.18843381	6.508938207	11.25936573
10.03.1990 00:00	0.116511194	0.00566264	0.153630332	0.214403245	0.980852493	8.348906749	14.21531802
11.03.1990 00:00	3.955050457	4.723849256	4.155493879	5.288957008	2.552074134	6.145796014	8.287830554
12.03.1990 00:00	0.695020593	0.02408447	0.744386647	4.372859936	2.848720458	6.083156673	7.900253428
13.03.1990 00:00	0	0	0	0	0	0	0
14.03.1990 00:00	0	0	0	0	0	0	0
15.03.1990 00:00	0	0	0	0	0	0	0
16.03.1990 00:00	0	0	0	0	0	0	0
17.03.1990 00:00	0	0	0	0	0	0	0
18.03.1990 00:00	0	0	0	0	0	0	0
19.03.1990 00:00	0.506577369	0.019288427	0.519114336	1.809299366	1.926393124	0.411359208	3.86E-04
20.03.1990 00:00	0	0	0	0	0	0	0
21.03.1990 00:00	0.095734603	0.004150927	0.121678845	0.196075128	0.853970157	0.240873507	1.48E-04
22.03.1990 00:00	5.828894556	6.832852249	5.83429942	0	0	9.951881892	16.89745739
23.03.1990 00:00	9.028547809	11.69205876	8.835316816	0	0	2.078233899	0
24.03.1990 00:00	6.20695754	4.925541329	6.149707051	11.99661264	11.14922141	7.256655317	6.606630323
25.03.1990 00:00	4.279507559	5.560207771	4.02825978	0.14484134	0.045745594	0.970355866	0
26.03.1990 00:00	5.828894556	7.336145587	6.273899455	1.017521274	0.336158877	1.360295696	3.31E-04
27.03.1990 00:00	1.230940253	0.042350997	1.146976706	4.319053495	3.887624819	16.14158657	28.83328739
28.03.1990 00:00	0	0	0	0	0	0	0
29.03.1990 00:00	0.096478987	0.003527175	0.078442675	0.35460703	0.105834375	0	0
30.03.1990 00:00	0	0	0	0	0	0	0
31.03.1990 00:00	0	0	0	0	0	0	0
01.04.1990 00:00	0	0	0	0	0	0	0
02.04.1990 00:00	0.063587484	0.002627824	0.087035697	0.480247976	0.677627898	0.145064536	2.24E-04
03.04.1990 00:00	0	0	0	0	0	7.575775128	13.00737405
04.04.1990 00:00	4.211070777	3.717166882	4.370290191	6.717478379	3.660295728	1.205354241	9.38E-04
05.04.1990 00:00	1.278760483	0.050801035	1.439891028	4.314602378	5.602562085	11.64527462	17.70017095
06.04.1990 00:00	0.76177949	0.02995144	0.814743343	5.946040591	5.739590722	2.272365512	1.838215829
07.04.1990 00:00	0	0	0	0	0	0	0
08.04.1990 00:00	0.217034669	0.010614925	0.296960905	0.867048587	1.823624491	0.541294072	4.64E-04
09.04.1990 00:00	0.363554449	0.01674445	0.496134681	1.289633192	3.034685945	0.964716691	7.41E-04
10.04.1990 00:00	0.403936761	0.013790418	0.323990381	1.367132394	0.438221909	0	0
11.04.1990 00:00	0.477985924	0.015606265	0.407036137	1.565788815	0.530169181	0	0
12.04.1990 00:00	0	0	0	0	0	0	0
13.04.1990 00:00	0	0	0	0	0	0	0
14.04.1990 00:00	0	0	0	0	0	0	0
15.04.1990 00:00	0	0	0	0	0	0	0
16.04.1990 00:00	0	0	0	0	0	0	0
17.04.1990 00:00	0	0	0	0	0	0	0
18.04.1990 00:00	0.947594699	0.03628208	1.007329815	5.283191004	5.32175179	1.087605852	0.001457914
19.04.1990 00:00	3.129934275	0.125359898	3.436205389	14.67547952	11.69688387	2.515485213	0.002985862
20.04.1990 00:00	0	0	0	0.231265874	0.059774736	0	6.30E-05
21.04.1990 00:00	0	0	0	0	0	0	0
22.04.1990 00:00	0	0	0	2.648709812	0.681747223	0	7.24E-04
23.04.1990 00:00	0	0	0	0	0	0	0
24.04.1990 00:00	0	0	0	0	0	4.864019797	8.142616509
25.04.1990 00:00	2.139532	0.087254594	2.461656534	5.946960941	11.99701062	2.745303745	0.001846402
26.04.1990 00:00	6.505002721	6.22063158	6.660889744	5.483899671	3.9198798	1.944199379	5.97E-04
27.04.1990 00:00	9.718004106	11.67363633	9.899675948	2.428226067	6.0079646	3.785450605	0.00137699
28.04.1990 00:00	0.635197466	0.025616501	0.590866717	3.615600871	2.505879541	0.390038765	7.06E-04
29.04.1990 00:00	0	0	0	0	0	0	0
30.04.1990 00:00	0	0	0	0	0	0	0
01.05.1990 00:00	1.666444078	0.05272723	1.28168062	9.379944097	2.777267407	9.968816842	18.97510431
02.05.1990 00:00	0	0	0	0	0	0	0
03.05.1990 00:00	0	0	0	0	0	0	0
04.05.1990 00:00	6.162072733	4.215613484	6.564900565	12.04065526	15.87941885	7.737627125	4.192030726
05.05.1990 00:00	1.068298713	0.04118419	0.95052079	4.059946051	3.380220697	0.621484257	5.46E-04
06.05.1990 00:00	2.573120587	0.106555284	2.551773056	9.681270532	11.36468883	2.710223017	0.002955606
07.05.1990 00:00	8.702199367	8.388959053	8.475402052	5.679085194	8.799865074	3.80944231	0.001331785
08.05.1990 00:00	6.414273395	7.649356854	6.07749516	1.171369179	2.345507311	2.006524201	3.88E-04
09.05.1990 00:00	1.666444078	0.059687821	1.414928463	7.687790846	2.155634108	0	4.47E-04
10.05.1990 00:00	0.1900551	0.006861135	0.170163977	1.17225879	0.365475638	44.21620164	72.72757061
11.05.1990 00:00	0.903157788	0.042259024	1.053878219	9.818625207	7.76764059	1.778215749	0.003033215
12.05.1990 00:00	6.932490669	9.047608072	6.536699061	0.699263167	0.215848781	1.640145808	0
13.05.1990 00:00	0.268760149	0.009744957	0.239881135	0.9912653	0.286716231	6.910075555	11.62608403
14.05.1990 00:00	0.643992746	0.021918427	0.494478149	5.372542336	1.582069893	0	9.27E-04
15.05.1990 00:00	0	0	0	1.441986265	0.444491229	0	4.63E-04
16.05.1990 00:00	0	0	0	0	0	0	0
17.05.1990 00:00	0	0	0	0	0	0	0
18.05.1990 00:00	16.34688135	15.66636059	18.01568481	17.44627937	20.49864863	34.93060854	45.15311205
19.05.1990 00:00	8.449522077	8.391790281	7.850993881	5.175869063	6.871335214	3.747919115	9.95E-04
20.05.1990 00:00	12.64437114	11.19175789	13.07096299	20.52034701	24.41779427	7.379806637	0.005814855
21.05.1990 00:00	3.885955634	4.231088182	3.713786452	0.647745458	2.54177308	1.525271565	5.21E-04
22.05.1990 00:00	1.058221104	0.044300601	1.334066547	2.9200222	6.623440251	9.91556012	13.96568826
23.05.1990 00:00	0	0	0	0	0	6.276648022	10.11276462
24.05.1990 00:00	1.480200454	0.062715728	1.59490286	4.822330912	8.745761896	1.983488443	0.001858646
25.05.1990 00:00	0	0	0	0	0	0	0
26.05.1990 00:00	0.966583569	0.039328333	1.237741849	3.212127562	8.879337011	18.58408138	29.56458306
27.05.1990 00:00	4.67554497	3.627589415	4.864049741	5.67036066	6.421777744	2.063659252	8.24E-04
28.05.1990 00:00	19.00519621	23.64798225	17.38085792	8.120825876	2.925195234	9.713148236	8.098174042
29.05.1990 00:00	6.021805541	5.661643605	6.055757103	4.437384296	7.910451821	26.57963947	38.18387906
30.05.1990 00:00	6.470130465	7.594089861	6.024952944	0.248273682	0.94626123	5.616114118	7.449839096
31.05.1990 00:00	1.951552699	0.06229989	1.505613216	6.874820473	2.137187599	0	0
01.06.1990 00:00	2.784953335	2.745829014	2.518011802	2.667352116	1.585728744	0.825737055	5.57E-04
02.06.1990 00:00	1.868887933	1.950006433	1.791444158	1.4251993	0.784597557	0.463632654	7.16E-05
03.06.1990 00:00	7.821313165	9.261620404	7.581442375	0.57799738	1.092430062	4.145648286	4.084726127
04.06.1990 00:00	16.38212806	18.14495845	16.47962073	4.610563028	6.973107279	5.114562067	0.001439933
05.06.1990 00:00	6.6392114	7.336955752	6.243895073	3.493092882	4.756967468	2.81202963	9.36E-04
06.06.1990 00:00	1.154407521	0.041368498	1.009551975	4.385987905	1.213936075	5.677979316	9.510037804
07.06.1990 00:00	0	0	0	0	0	7.441581333	11.72723232
08.06.1990 00:00	0	0	0	0	0	0	0
09.06.1990 00:00	0.863836132	0.029852133	0.781768271	3.030778757	1.073118739	0	0
10.06.1990 00:00	0.566291594	0.02099519	0.529525609	3.110524422	1.533964154	0.177976216	5.55E-04
11.06.1990 00:00	8.059945339	9.947719297	7.318438968	2.085869585	1.771314554	1.94677811	4.29E-04
12.06.1990 00:00	23.54544782	27.39304645	25.19883611	1.167402969	0.809838395	34.02361704	42.93003477
13.06.1990 00:00	3.539520799	4.884432586	3.276361876	0	0	4.971658928	6.628538747
14.06.1990 00:00	15.93067092	20.60088669	17.09463663	0.270938063	0.933552195	4.397082851	1.92E-04
15.06.1990 00:00	12.90949481	14.7553611	13.87508117	4.404983894	3.060634184	3.419612152	0.001667491
16.06.1990 00:00	15.81354497	17.62286518	15.87806736	3.638904766	8.320973193	9.856127306	7.272202932
17.06.1990 00:00	13.35299983	10.85842766	13.89218425	17.40594763	20.54553694	15.20082431	12.12272128
18.06.1990 00:00	12.88743747	14.88044444	13.92327858	4.773803085	7.969522117	4.645090116	0.001391993
19.06.1990 00:00	35.32846591	38.25933095	35.33443848	29.10716555	33.11345153	25.97475241	16.9143294
20.06.1990 00:00	30.9273957	37.74884634	27.62118647	8.491682093	4.817465456	34.10738299	37.1676865
21.06.1990 00:00	42.15739666	44.95169776	40.24566243	34.26903224	37.99410616	27.88204515	15.5642864
22.06.1990 00:00	7.829800512	3.873560455	7.069908959	19.90367691	16.9984082	8.166137482	6.474251658
23.06.1990 00:00	27.19398182	28.39829873	27.4380383	37.8670673	33.09037951	24.75104143	18.16419588
24.06.1990 00:00	2.526134263	0.104484402	2.672034009	11.29393672	11.43031901	75.27110898	106.9793548
25.06.1990 00:00	8.374582543	11.22827954	7.553536992	0	0	2.010035704	0
26.06.1990 00:00	10.17225813	12.07853267	10.56355857	2.11815921	1.682058823	50.77236004	77.67240767
27.06.1990 00:00	22.43921474	22.28367498	21.14898856	40.20977121	42.63997244	21.82139944	9.575283629
28.06.1990 00:00	5.263711765	5.142588432	5.753739195	5.412021615	9.086052206	3.506407053	0.002041312
29.06.1990 00:00	22.10083716	29.28493459	24.0724646	3.591025413	7.109402048	9.765899066	6.192285911
30.06.1990 00:00	32.30245439	31.09617188	35.1457358	38.23357515	44.24391411	30.64831639	19.57230082
01.07.1990 00:00	17.1301478	10.62220488	17.15814882	53.22761093	45.87875591	67.32867953	99.10289784
02.07.1990 00:00	3.221269996	3.468432949	3.302937543	1.6420341	0.519795297	4.862833213	7.744513612
03.07.1990 00:00	8.024374424	6.313488753	8.279257368	6.078791045	22.96760714	17.06664177	15.59396477
04.07.1990 00:00	16.88979714	15.30439293	16.60858602	13.76106103	36.51873905	23.05769774	15.13721235
05.07.1990 00:00	14.42701483	14.89994666	14.11109865	8.015054767	8.412281261	9.83567518	7.905794373
06.07.1990 00:00	24.96487513	29.71016217	24.66551051	4.037475363	3.470715819	9.945149934	5.900238269
07.07.1990 00:00	18.03219829	17.74258723	19.86716479	13.50403717	32.13397649	16.35761707	4.296415846
08.07.1990 00:00	21.37075646	22.12266959	22.75435006	25.88876571	21.03606543	27.86471049	41.70951228
09.07.1990 00:00	21.3697624	21.34684849	21.87589668	15.16066584	21.64040178	14.74941172	7.164399707
10.07.1990 00:00	9.456547428	10.06546549	9.334816665	5.663077232	1.59965282	14.29887908	20.78485857
11.07.1990 00:00	30.94382601	33.89445537	32.8130087	11.93330474	5.148508767	10.43359613	7.515138901
12.07.1990 00:00	17.69937282	20.41974116	19.1580974	5.18813396	6.792742907	8.51861237	5.10944483
13.07.1990 00:00	11.13465794	11.67812939	9.966085208	8.905120215	8.491377981	17.89380459	22.83649048
14.07.1990 00:00	22.52120018	15.6960605	22.34564564	63.93364021	57.79903036	53.57603892	54.25524173
15.07.1990 00:00	26.01331479	28.49244816	25.27852457	10.44322832	8.562846806	13.82909456	8.908966042
16.07.1990 00:00	16.29146062	22.32345244	17.2641315	0.210351289	0.652132189	18.02037939	25.65473744
17.07.1990 00:00	24.62824206	30.95799795	26.56070298	2.503365841	0.716661181	17.55556109	17.49023931
18.07.1990 00:00	23.81106299	27.585853	21.94844572	20.39186537	11.82727583	41.60929979	62.20095483
19.07.1990 00:00	14.63502246	13.96512105	14.2777838	14.03501967	18.86330928	66.83308172	92.7142277
20.07.1990 00:00	26.07506469	27.38780505	23.48055738	24.96408924	20.07400641	33.1176958	38.07723434
21.07.1990 00:00	16.18408751	18.95415511	14.89982807	7.18977565	5.772769007	15.70961944	19.35993018
22.07.1990 00:00	19.01146198	25.65101988	20.49432009	8.251713901	6.228718366	21.75673176	23.48659221
23.07.1990 00:00	36.28618339	45.98422831	35.07040536	10.44882285	17.15683271	21.87262967	13.08001649
24.07.1990 00:00	23.15176028	31.03101352	24.72890078	0.89960035	1.952287202	13.23284333	10.8177705
25.07.1990 00:00	3.940633572	3.682575488	4.138440997	7.086954051	5.123222712	5.977694791	8.554015707
26.07.1990 00:00	10.69623021	11.4544199	10.93535931	13.61614803	6.316569003	35.34016784	58.14884244
27.07.1990 00:00	55.54108808	58.89129853	56.38139498	31.38101516	15.88839383	36.77154021	38.11288335
28.07.1990 00:00	55.7839087	68.56442844	52.96609407	10.6763623	11.62238047	27.07985674	14.87760592
29.07.1990 00:00	46.72690381	54.58087435	44.21972948	21.44597974	26.16391435	17.33090689	6.925828059
30.07.1990 00:00	25.1204328	31.91681631	22.66998223	8.074850073	9.92329278	23.12781046	24.68095983
31.07.1990 00:00	29.4183174	36.61637033	32.25264669	14.90561273	15.54614633	31.29156043	33.88828644
01.08.1990 00:00	15.58604818	14.34694307	15.97390399	25.35380802	21.66009691	15.3739049	12.38379592
02.08.1990 00:00	8.263895398	7.926797785	8.540946015	10.20535886	12.69806563	9.735449214	8.436767889
03.08.1990 00:00	5.974529468	5.274919137	6.535468113	8.163125517	10.56878387	13.56420349	16.42588205
04.08.1990 00:00	5.09330859	6.125334115	5.051340885	2.655466507	0.789795086	5.564544691	8.610106694
05.08.1990 00:00	6.227461887	4.822126922	6.697513755	11.23702149	8.254407701	14.1288588	18.53562494
06.08.1990 00:00	7.436990848	7.784193058	7.413578956	13.02145435	13.30948049	8.993455153	8.696316411
07.08.1990 00:00	39.11474678	39.79162546	38.23157813	27.22184117	26.04842743	17.65527436	8.247092624
08.08.1990 00:00	35.71063676	41.93679152	37.35324675	18.07657773	15.81614356	21.68948677	15.19917869
09.08.1990 00:00	19.76985649	16.35953186	20.87116137	40.4376977	32.93435465	65.89665257	97.46963775
10.08.1990 00:00	12.91141507	14.30152283	11.8973943	13.15130173	12.44705774	9.448486462	6.650276041
11.08.1990 00:00	91.63118479	117.1601149	82.77066626	4.823722541	3.027031619	50.51568454	54.65883303
12.08.1990 00:00	105.2972786	126.7693892	108.2064157	20.29584996	22.64906599	67.65556525	60.44634045
13.08.1990 00:00	41.6325146	46.46445068	42.03664172	28.94508955	53.04652176	25.99786381	11.63718673
14.08.1990 00:00	7.975048459	2.448545832	7.782969154	24.12295925	8.516890244	9.590120391	13.50786518
15.08.1990 00:00	19.30655466	20.51236425	18.79334252	15.08842599	21.32103533	17.67695355	11.83480304
16.08.1990 00:00	18.77043792	19.87133961	17.78815786	4.815543711	8.361911793	8.255727123	3.437468019
17.08.1990 00:00	8.377493065	8.495748691	8.762953403	10.38642843	10.93684774	14.70938383	15.21857722
18.08.1990 00:00	14.4807256	15.55775835	13.44716236	3.77280075	5.829759021	4.8868156	8.58E-04
19.08.1990 00:00	13.01476734	8.674194488	13.29082298	32.38915978	44.07069379	12.91428659	0.010676358
20.08.1990 00:00	11.86580771	13.2013114	13.14083161	8.952198077	12.25756404	5.460583943	0.003272737
21.08.1990 00:00	10.2310446	8.87038264	10.4110553	12.02725095	8.723537445	14.22478161	19.99334291
22.08.1990 00:00	8.209704909	10.44921737	7.39427255	1.895435524	2.154752774	2.589162313	7.97E-04
23.08.1990 00:00	9.55112743	12.07878236	8.49196379	0	0	2.095021995	0
24.08.1990 00:00	13.07570062	12.14674661	12.74339944	14.31751555	15.54547422	17.34475105	20.00915221
25.08.1990 00:00	8.766953004	12.15568136	8.909064681	1.712806707	0.405364129	4.288755833	3.942150564
26.08.1990 00:00	9.819887579	12.48402826	9.928124738	1.022729377	0.321468697	8.807642064	12.41156042
27.08.1990 00:00	17.61654738	16.70250994	16.68564052	21.84577282	6.605799151	3.333007722	0.002901858
28.08.1990 00:00	6.455016596	7.406635104	5.792876533	7.912161271	2.20538175	6.756030556	7.636799032
29.08.1990 00:00	4.104891087	5.656062131	3.762061326	0	0	0.94746219	0
30.08.1990 00:00	12.2909039	17.24873362	11.51886017	0.396731104	0.120298303	11.97433942	14.16650312
31.08.1990 00:00	9.430171243	10.220255	8.863028335	10.82951826	7.823678203	13.30107302	16.07913783
01.09.1990 00:00	9.942955961	12.90084681	9.037007912	0	0	2.250162391	0
02.09.1990 00:00	14.03339343	18.51611209	12.80273174	2.993713783	0.870921492	3.167941912	2.37E-04
03.09.1990 00:00	11.11752894	13.40881002	10.35889715	0	0	2.898107503	0
04.09.1990 00:00	12.94256436	13.30759581	12.24864377	9.201108328	12.20500478	6.062577296	0.002403271
05.09.1990 00:00	33.02876497	45.74120656	33.64958547	1.925974191	0.536498089	7.08957355	0
06.09.1990 00:00	18.18890822	21.07598617	16.90587122	10.79879497	9.463712667	11.27355222	8.217716443
07.09.1990 00:00	14.90348186	17.19467411	15.03773723	1.645538325	0.558350351	3.376396508	2.46E-04
08.09.1990 00:00	0	0	0	3.669857051	1.070553514	0	0.00128051
09.09.1990 00:00	6.845836758	6.661680717	6.543919456	6.275114029	6.883793078	3.13528222	0.001597529
10.09.1990 00:00	16.01635459	15.86507984	17.74035818	23.2264005	24.42463522	52.83026577	74.10815033
11.09.1990 00:00	16.82235996	19.90737192	16.89903485	7.607812454	6.425626147	15.27116792	14.93022564
12.09.1990 00:00	35.02377694	43.17219013	36.07917222	8.176476871	10.22265467	10.20549671	0.002220609
13.09.1990 00:00	50.40238674	56.28927031	49.85855521	12.76229274	41.4640348	25.23646269	0.007713049
14.09.1990 00:00	16.61992459	18.87030206	16.82841887	2.172029207	3.671386831	5.027337502	0.001057242
15.09.1990 00:00	18.21468856	23.39904107	17.2117649	3.487119318	11.12180071	12.99525174	8.721358023
16.09.1990 00:00	25.79245484	28.71256629	27.886395	9.398330603	6.828431319	7.639609909	0.002192743
17.09.1990 00:00	37.35909455	40.68975944	37.41106222	15.54170971	15.60671316	12.44047838	0.003126961
18.09.1990 00:00	13.71500545	10.69738704	13.75058181	19.05930048	33.95061886	21.46650109	20.12175449
19.09.1990 00:00	0.587268697	0.773768122	0.626075807	0	0	0.148806864	0
20.09.1990 00:00	0.856133509	0.03949608	1.256226222	1.826086907	7.546285837	2.136267151	0.001181463
21.09.1990 00:00	2.950080569	0.120038291	2.956160211	8.863133233	9.877824118	2.009274746	0.001244033
22.09.1990 00:00	26.47154845	23.18504826	26.48376094	29.35806422	18.05239533	8.709343656	0.004499214
23.09.1990 00:00	1.222430951	0.215302731	1.158308082	7.006214484	1.966262004	3.299682658	6.624897724
24.09.1990 00:00	9.084988123	9.387392231	8.524275351	10.24045633	10.73773832	4.622715514	0.003472756
25.09.1990 00:00	19.79427148	19.79458215	22.21936137	21.35186303	25.31822314	11.37238408	4.415981932
26.09.1990 00:00	9.803123052	11.00120315	9.489691717	4.670145419	1.295560569	7.104833659	8.132998445
27.09.1990 00:00	1.898841764	2.374688585	1.789470839	0.447568026	0.118096176	0.418341741	1.40E-04
28.09.1990 00:00	1.044583162	1.239324696	1.014493434	0	0	0.225996021	0
29.09.1990 00:00	0.617359968	0.029272947	0.768733792	1.298935553	5.522883818	1.638381375	8.55E-04
30.09.1990 00:00	2.738653206	2.950764391	3.105568304	0.793195396	3.788469412	4.979326699	4.54217026
01.10.1990 00:00	4.867538552	5.809122676	5.032076985	2.488289265	4.41560569	2.429338293	0.001104193
02.10.1990 00:00	5.5730866	5.970618361	5.218484462	4.453293176	1.521051739	15.91282343	26.4287474
03.10.1990 00:00	9.074658996	9.395775318	9.067869351	7.73102944	9.34478096	3.701926059	0.001613446
04.10.1990 00:00	1.756572591	0.059452511	1.679284293	10.33806628	5.782935554	0.821994817	0.001854456
05.10.1990 00:00	1.266450097	1.459314096	1.304964254	1.609941653	0.47473476	0.261281343	2.65E-04
06.10.1990 00:00	18.87993447	23.23818347	17.29678027	1.188187559	0.377528637	4.312227953	0
07.10.1990 00:00	3.885002685	4.468879686	3.803975764	4.390595954	1.252996847	0.846609108	9.31E-04
08.10.1990 00:00	0	0	0	17.06383145	4.064012695	6.677758186	10.59552138
09.10.1990 00:00	0.957166239	0.043806758	1.19608854	2.884542568	8.737534521	13.23926452	20.95977207
10.10.1990 00:00	0	0	0	0	0	34.28543741	53.1111201
11.10.1990 00:00	0	0	0	0	0	0	0
12.10.1990 00:00	0	0	0	0	0	0	0
13.10.1990 00:00	6.742435569	9.081286821	7.166429877	0	0	1.534676094	0
14.10.1990 00:00	9.942955961	13.93282299	10.60357625	0	0	2.384454029	0
15.10.1990 00:00	3.00401017	0.108954092	2.835003038	12.89895329	10.43884171	2.240169548	0.00199688
16.10.1990 00:00	0	0	0	2.582997722	0.855286076	0	8.01E-04
17.10.1990 00:00	0	0	0	0	0	0	0
18.10.1990 00:00	1.221717917	1.371234144	1.384198515	0.349021257	1.374412029	0.721725406	2.35E-04
19.10.1990 00:00	0	0	0	0	0	0	0
20.10.1990 00:00	0	0	0	0	0	0	0
21.10.1990 00:00	0	0	0	0	0	0	0
22.10.1990 00:00	0	0	0	0	0	0	0
23.10.1990 00:00	0	0	0	0	0	0	0
24.10.1990 00:00	0	0	0	0	0	0	0
25.10.1990 00:00	0	0	0	0	0	0	0
26.10.1990 00:00	0	0	0	0	0	0	0
27.10.1990 00:00	0	0	0	0	0	0	0
28.10.1990 00:00	0	0	0	0	0	0	0
29.10.1990 00:00	0	0	0	0	0	0	0
30.10.1990 00:00	0	0	0	0	0	0	0
31.10.1990 00:00	0	0	0	0	0	0	0
01.11.1990 00:00	0	0	0	0.4103412	0.115038252	0	1.29E-04
02.11.1990 00:00	0	0	0	0	0	0	0
03.11.1990 00:00	0	0	0	0	0	0	0
04.11.1990 00:00	0	0	0	0	0	0	0
05.11.1990 00:00	0	0	0	0	0	0	0
06.11.1990 00:00	0	0	0	0	0	0	0
07.11.1990 00:00	0	0	0	0	0	0	0
08.11.1990 00:00	0	0	0	0	0	0	0
09.11.1990 00:00	0	0	0	0	0	0	0
10.11.1990 00:00	0	0	0	0	0	0	0
11.11.1990 00:00	0	0	0	0	0	0	0
12.11.1990 00:00	0	0	0	0.40488269	0.120026864	0	1.35E-04
13.11.1990 00:00	0	0	0	0	0	0	0
14.11.1990 00:00	0	0	0	0	0	0	0
15.11.1990 00:00	0	0	0	0	0	0	0
16.11.1990 00:00	0	0	0	0	0	0	0
17.11.1990 00:00	0	0	0	0	0	0	0
18.11.1990 00:00	0	0	0	0	0	0	0
19.11.1990 00:00	0	0	0	0	0	0	0
20.11.1990 00:00	0	0	0	0	0	0	0
21.11.1990 00:00	0	0	0	0	0	0	0
22.11.1990 00:00	0	0	0	0	0	0	0
23.11.1990 00:00	0	0	0	0	0	0	0
24.11.1990 00:00	0	0	0	0	0	0	0
25.11.1990 00:00	0	0	0	0	0	0	0
26.11.1990 00:00	0	0	0	0	0	0	0
27.11.1990 00:00	0	0	0	0	0	0	0
28.11.1990 00:00	0	0	0	0	0	0	0
29.11.1990 00:00	0	0	0	0	0	0	0
30.11.1990 00:00	0	0	0	0	0	0	0
01.12.1990 00:00	0	0	0	0	0	0	0
02.12.1990 00:00	0	0	0	0	0	0	0
03.12.1990 00:00	0	0	0	0	0	0	0
04.12.1990 00:00	0	0	0	0	0	0	0
05.12.1990 00:00	0	0	0	0	0	0	0
06.12.1990 00:00	0	0	0	0	0	0	0
07.12.1990 00:00	0	0	0	0	0	0	0
08.12.1990 00:00	0	0	0	0	0	0	0
09.12.1990 00:00	0	0	0	0	0	0	0
10.12.1990 00:00	0	0	0	0	0	0	0
11.12.1990 00:00	0	0	0	0.410749785	0.104454241	0	1.17E-04
12.12.1990 00:00	0	0	0	0	0	0	0
13.12.1990 00:00	0	0	0	0	0	0	0
14.12.1990 00:00	0	0	0	0	0	0	0
15.12.1990 00:00	0	0	0	0	0	0	0
16.12.1990 00:00	0	0	0	0	0	0	0
17.12.1990 00:00	0	0	0	0	0	0	0
18.12.1990 00:00	0	0	0	0	0	0	0
19.12.1990 00:00	0	0	0	0	0	0	0
20.12.1990 00:00	0	0	0	0	0	0	0
21.12.1990 00:00	0	0	0	0	0	0	0
22.12.1990 00:00	0	0	0	0	0	0	0
23.12.1990 00:00	0	0	0	0	0	0	0
24.12.1990 00:00	0	0	0	0	0	0	0
25.12.1990 00:00	0	0	0	0	0	0	0
26.12.1990 00:00	0	0	0	0	0	0	0
27.12.1990 00:00	0	0	0	0	0	0	0
28.12.1990 00:00	0	0	0	0	0	0	0
29.12.1990 00:00	0	0	0	0	0	0	0
30.12.1990 00:00	0	0	0	0.180966262	0.053200282	0	6.00E-05
31.12.1990 00:00	0.329298844	0.011040499	0.273156491	1.153402383	0.411859084	0	0
#end of file							
