# hru.par created Mon													
ID	area	elevation	slope	aspect	x	y	watershed	subbasin	landuseID	soilID	to_poly	to_reach	hgeoID
0	0	0	0	0	0	0	0	0	0	0	0	0	0
999999	9999999	10000	90	360	9999999	9999999	999999	999999	9999	9999	999999	999999	999999
n/a	m2	m	deg	deg	m	m	n/a	n/a	n/a	n/a	n/a	n/a	n/a
1	11750000	4812	19.226	283	914570.4829	4092748.811	1	992	222	6998	4	0	1
2	11750000	4999	15.788	292	910320.4829	4092248.811	1	992	222	3731	0	456	2
3	8250000	4564	16.766	251	899070.4829	4091748.811	1	992	222	3731	7	0	2
4	15000000	4381	21.486	275	905820.4829	4087748.811	1	992	2	3731	10	0	2
5	16000000	4241	18.382	343	885570.4829	4089248.811	1	992	5	3731	46	0	2
6	8000000	3765	7.271	253	892320.4829	4091248.811	1	992	15	3731	0	992	2
7	6750000	4848	15.189	330	905820.4829	4091748.811	1	992	17	3731	3	0	2
8	6500000	4329	14.361	271	911570.4829	4089248.811	1	992	15	6998	2	0	2
9	12250000	4583	19.884	266	869820.4829	4089748.811	1	992	17	3731	1	0	2
10	10500000	5114	13.784	310	880820.4829	4090248.811	1	992	17	3731	7	0	2
# Ende des Datensatzes													
